##read_data之后的结果

Sample(Id=1, SrcLen=14, SrcWords=['then', 'terrorism', 'struck', 'again', ',', 'this', 'time', 'in', 'the', 'indonesia', 'capital', 'of', 'jakarta', '.'], TrgLen=3, TrgRels=[2, 4, 3], TrgPointers=[(12, 12, 9, 9), (9, 9, 12, 12), (9, 9, 12, 12)], AdjMat=array([[1.     , 0.25   , 0.5    , 0.25   , 0.25   , 0.125  , 0.25   ,
        0.125  , 0.03125, 0.03125, 0.0625 , 0.03125, 0.     , 0.25   ],
       [0.25   , 1.     , 0.5    , 0.25   , 0.25   , 0.125  , 0.25   ,
        0.125  , 0.03125, 0.03125, 0.0625 , 0.03125, 0.     , 0.25   ],
       [0.5    , 0.5    , 1.     , 0.5    , 0.5    , 0.25   , 0.5    ,
        0.25   , 0.0625 , 0.0625 , 0.125  , 0.0625 , 0.03125, 0.5    ],
       [0.25   , 0.25   , 0.5    , 1.     , 0.25   , 0.125  , 0.25   ,
        0.125  , 0.03125, 0.03125, 0.0625 , 0.03125, 0.     , 0.25   ],
       [0.25   , 0.25   , 0.5    , 0.25   , 1.     , 0.125  , 0.25   ,
        0.125  , 0.03125, 0.03125, 0.0625 , 0.03125, 0.     , 0.25   ],
       [0.125  , 0.125  , 0.25   , 0.125  , 0.125  , 1.     , 0.5    ,
        0.25   , 0.0625 , 0.0625 , 0.125  , 0.0625 , 0.03125, 0.125  ],
       [0.25   , 0.25   , 0.5    , 0.25   , 0.25   , 0.5    , 1.     ,
        0.5    , 0.125  , 0.125  , 0.25   , 0.125  , 0.0625 , 0.25   ],
       [0.125  , 0.125  , 0.25   , 0.125  , 0.125  , 0.25   , 0.5    ,
        1.     , 0.25   , 0.25   , 0.5    , 0.25   , 0.125  , 0.125  ],
       [0.03125, 0.03125, 0.0625 , 0.03125, 0.03125, 0.0625 , 0.125  ,
        0.25   , 1.     , 0.25   , 0.5    , 0.25   , 0.125  , 0.03125],
       [0.03125, 0.03125, 0.0625 , 0.03125, 0.03125, 0.0625 , 0.125  ,
        0.25   , 0.25   , 1.     , 0.5    , 0.25   , 0.125  , 0.03125],
       [0.0625 , 0.0625 , 0.125  , 0.0625 , 0.0625 , 0.125  , 0.25   ,
        0.5    , 0.5    , 0.5    , 1.     , 0.5    , 0.25   , 0.0625 ],
       [0.03125, 0.03125, 0.0625 , 0.03125, 0.03125, 0.0625 , 0.125  ,
        0.25   , 0.25   , 0.25   , 0.5    , 1.     , 0.5    , 0.03125],
       [0.     , 0.     , 0.03125, 0.     , 0.     , 0.03125, 0.0625 ,
        0.125  , 0.125  , 0.125  , 0.25   , 0.5    , 1.     , 0.     ],
       [0.25   , 0.25   , 0.5    , 0.25   , 0.25   , 0.125  , 0.25   ,
        0.125  , 0.03125, 0.03125, 0.0625 , 0.03125, 0.     , 1.     ]],
      dtype=float32)) 