id	Case_A_rationales	Case_B_rationales	relation	label
8ad825ce-9fd2-6fe7-f308-939a110700cb|79091ee7-2d01-0e11-9911-bf7f242ba6d0	[0, 1, 2]	[0, 1, 2]	[[0, 0], [1, 1], [2, 2]]	2
4ba199d8-5338-a3ad-dbcc-2f6a9377456d|d14b841f-cffd-f8b4-66cc-a87355efb3cc	[0, 1, 2]	[0, 1, 2]	[]	0
4ba199d8-5338-a3ad-dbcc-2f6a9377456d|cbf50fc6-0a9e-0516-643f-7ac81cd10146	[0, 1, 2]	[0, 1, 2]	[[0, 0], [1, 1], [2, 2]]	2
79d9890b-c19d-900f-c01b-f5483fb27f5c|0a65ee72-8e4c-6185-81ce-158b796e6514	[0, 1, 2]	[0, 1, 2]	[[0, 0], [1, 1], [2, 2]]	2
6e3b703e-e9eb-c00b-845e-9252fce57813|cb7d2bbf-2221-557f-fd53-befbc8343712	[0, 1, 2]	[0, 1, 2]	[[0, 0], [1, 1], [2, 2]]	2
e2f0c917-7eff-1bee-011e-095d86d6ae34|5336a9ff-4b05-0b1e-dff7-dacba9ef6b4d	[0, 1, 2]	[0, 1, 2]	[[0, 0], [1, 1], [2, 2]]	1
d2a0a41c-3481-f3a8-1bae-ebf78ec28985|09b4c23e-cb10-210d-45e2-b285d27fa63f	[0, 1, 2]	[0, 1, 2]	[[0, 0], [1, 1], [2, 2]]	2
aeb04e55-9c02-4ba6-cd94-6e01ba31580c|4f9c864a-09d9-309d-5c42-cebb2bc24bf0	[0, 1, 2]	[0, 1, 2]	[]	0
8e71743a-caeb-da57-0b1a-ff29a9d23303|ef800c98-bd8a-1364-ac48-c0588a3caadb	[0, 1, 2]	[0, 1, 2]	[[0, 0], [1, 1], [2, 2]]	2
ab641428-b963-4d37-07ed-7589a81bd336|5a4a105c-5f35-a81d-4779-f2300c7e53d7	[0, 1, 2]	[0, 1, 2]	[[0, 0], [1, 1], [2, 2]]	2
56293094-4359-4832-5d8d-01df9d185a72|8d1a4f17-af65-8c49-5696-650f99df0c2f	[0, 1, 2]	[0, 1, 2]	[]	0
88bf3cbe-c1cb-5a79-838d-25ab9cb83487|6bf64e8b-a55c-9f66-92da-55ae70988669	[0, 1, 2]	[0, 1, 2]	[]	0
ebcda8f0-d5a8-00b4-75da-9ad0d60d0108|905b2b76-cbbc-4ade-f43d-4da3317e215e	[0, 1, 2]	[0, 1, 2]	[[0, 0], [1, 1], [2, 2]]	2
a625be78-a1d4-935f-a925-855a468568cb|3b0c5837-c8c6-8073-f953-0ed95bb88cc7	[0, 1, 2]	[0, 1, 2]	[[0, 0], [1, 1], [2, 2]]	1
5478f026-826d-9bcc-0ce0-7b02d8ff8b4c|1c2f5c95-2aa7-ade5-a00d-8b9ce5f03d73	[0, 1, 2]	[0, 1, 2]	[[0, 0], [1, 1], [2, 2]]	2
b3272f06-2060-89cb-81b0-4d7eb19800e7|ba19357b-3a9e-a254-09f7-9f2883373293	[0, 1, 2]	[0, 1, 2]	[[0, 0], [1, 1], [2, 2]]	2
6389a4ae-a6b2-8907-d72d-4d10006b6966|8a75ff76-0e6b-9968-3a5c-87d13e5e99b9	[0, 1, 2]	[0, 1, 2]	[[0, 0], [1, 1], [2, 2]]	1
9ff90f00-feb9-2684-4777-ea89088dd8ba|ad0ceb94-f192-fb14-7a5c-31d2c02bffb7	[0, 1, 2]	[0, 1, 2]	[[0, 0], [1, 1], [2, 2]]	2
9a8774db-17df-13c3-5205-c7df5bbca2fe|1322742e-55af-4b9a-9b1c-1c2eade72109	[0, 1, 2]	[0, 1, 2]	[[0, 0], [1, 1], [2, 2]]	2
e9a0f89a-2fcf-6bda-f841-17be0bcc92c5|5bfdc1a9-c56c-e090-33b0-26cd0ef77cc2	[0, 1, 2]	[0, 1, 2]	[[0, 0], [1, 1], [2, 2]]	1
5d196c7b-b198-bc69-54e7-e54741bf65d0|39ff52de-b2c4-6b75-cd75-0ab966872c1e	[0, 1, 2]	[0, 1, 2]	[[0, 0], [1, 1], [2, 2]]	1
e328e710-6dd9-69ef-2529-732fa43a93ee|dc4bc976-1445-b7aa-7356-a0b12148a7df	[0, 1, 2]	[0, 1, 2]	[[0, 0], [1, 1], [2, 2]]	1
46126292-6f83-6fd3-44d6-b50d9da14133|327514f5-0b32-ca8b-f9af-51e3620aa376	[0, 1, 2]	[0, 1, 2]	[]	0
d5aeff22-1e25-457a-7d0b-1324a6b4e346|beea7d25-ed0d-5cf6-7a00-b8c70dfcfcba	[0, 1, 2]	[0, 1, 2]	[[0, 0], [1, 1], [2, 2]]	2
26bbc963-1a5b-32d1-c6b7-6caeec8dd7cb|97c27654-8b85-be49-7aa3-dba8d1cd6470	[0, 1, 2]	[0, 1, 2]	[[0, 0], [1, 1], [2, 2]]	1
38573c8e-dfbc-d656-e925-e31833159bf8|139901d8-a244-8f7e-fbe3-f26879941624	[0, 1, 2]	[0, 1, 2]	[]	0
241830b4-4bd7-9163-9f99-c281cce82964|bae607a4-26de-568d-4f16-bfbd26e6d5ac	[0, 1, 2]	[0, 1, 2]	[[0, 0], [1, 1], [2, 2]]	2
f73b0019-5fba-8a6f-7657-0f2abcf411a5|7848e92f-b42e-c5f8-eac5-c99ed4247e90	[0, 1, 2]	[0, 1, 2]	[[0, 0], [1, 1], [2, 2]]	2
a84c5e55-a87d-9767-8008-1603ed040b09|2318582c-e99e-c9cb-017e-24082569cc70	[0, 1, 2]	[0, 1, 2]	[]	0
17cf7e0d-d228-60e3-b40e-1bffce3ed9ce|bf46ecb0-a521-f4cc-7724-1c7f67358160	[0, 1, 2]	[0, 1, 2]	[]	0
c4c25832-027e-7c53-6473-87fb371dc491|f1c29bb2-2d36-ff48-1dfd-518e26d1d251	[0, 1, 2]	[0, 1, 2]	[[0, 0], [1, 1], [2, 2]]	1
7cd0f049-2c25-5010-44f9-0dd58bd1ac2e|3ea2b00f-0f17-84dc-2d4d-15945161ee98	[0, 1, 2]	[0, 1, 2]	[[0, 0], [1, 1], [2, 2]]	1
5b1266c5-7041-1b4d-8a69-bee10c4acffd|9b58667f-ecc2-5ab1-abad-1e74d3c524e3	[0, 1, 2]	[0, 1, 2]	[[0, 0], [1, 1], [2, 2]]	1
2eaef315-a615-9d58-b9b6-c8a809b91872|664ef123-996a-2525-030d-ea91d2552b77	[0, 1, 2]	[0, 1, 2]	[]	0
bfacb97e-7e38-7189-2be9-e741461b18b4|73311d3d-e73c-4163-3068-74ca73ac5a34	[0, 1, 2]	[0, 1, 2]	[[0, 0], [1, 1], [2, 2]]	2
ea1a3648-f82b-5615-589a-c474d2f05448|0733a760-b849-0204-7fef-ab9e96a0d453	[0, 1, 2]	[0, 1, 2]	[[0, 0], [1, 1], [2, 2]]	2
cb87324b-af9d-51f7-6b83-a33fda0d9abb|e09b654a-918f-38b9-8fb7-72d2e38592d9	[0, 1, 2]	[0, 1, 2]	[[0, 0], [1, 1], [2, 2]]	1
778c0233-bc0c-6a5f-94d0-6bde709affd3|69299617-3bbe-7b8f-93fc-8c1aed7c4b3d	[0, 1, 2]	[0, 1, 2]	[]	0
7d9bf879-f6fc-f307-a7cb-9c7a948c73c6|b0607678-a270-4f74-dccd-cf305f6c43fd	[0, 1, 2]	[0, 1, 2]	[]	0
f2a11e8c-9e51-c251-83c8-47dd7de1200d|5b89c2e6-b9fb-5c47-e953-96c46df8337d	[0, 1, 2]	[0, 1, 2]	[]	0
c005deca-0a59-68ae-f320-6ace64956ff7|c7550b9e-cec9-8982-5f9e-a0531a596677	[0, 1, 2]	[0, 1, 2]	[[0, 0], [1, 1], [2, 2]]	2
547b4caf-f366-1ee3-c4eb-d80ba8c40b2a|b1bc93bd-ebe2-58ad-89d2-ed0b80108c1c	[0, 1, 2]	[0, 1, 2]	[[0, 0], [1, 1], [2, 2]]	1
a473bf43-8552-78d2-6d9a-dddebea2a7c3|5c09d3a5-ec0a-4582-a815-45594fb0ce69	[0, 1, 2]	[0, 1, 2]	[[0, 0], [1, 1], [2, 2]]	2
1f70d60f-5817-37bb-01a3-1a848eccd004|def6262b-18d8-6f2c-1a03-12a9c282b99c	[0, 1, 2]	[0, 1, 2]	[[0, 0], [1, 1], [2, 2]]	1
debd48cb-6761-ef31-ee17-6335e905540e|367580f7-d598-2567-0d82-71e6a951fa9e	[0, 1, 2]	[0, 1, 2]	[[0, 0], [1, 1], [2, 2]]	2
1802deac-6c47-0521-3c33-c2d348acbabc|7999301f-b65a-0bac-c5cd-b8ebbb262840	[0, 1, 2]	[0, 1, 2]	[[0, 0], [1, 1], [2, 2]]	1
8134e98d-be26-9dc6-3be9-453bedeccfea|d302af10-630a-31ab-b3f8-936c63104e4b	[0, 1, 2]	[0, 1, 2]	[]	0
182e81c4-da47-daa7-af0b-2f4f4ed126c8|9573c5f4-70b1-111e-f0c4-677a63f74558	[0, 1, 2]	[0, 1, 2]	[]	0
6e3b703e-e9eb-c00b-845e-9252fce57813|f12887c4-488b-1b19-7784-c92fa67649b1	[0, 1, 2]	[0, 1, 2]	[]	0
9b62bf00-f7ce-ee3b-9ccb-be3e3cde6f37|4ea2825e-3215-602f-b022-07a3ec2d7ecb	[0, 1, 2]	[0, 1, 2]	[[0, 0], [1, 1], [2, 2]]	1
c08fe9b7-4b0c-20c4-bc0c-fad3491c0d7b|8129f454-25d9-eed8-d146-dd85a969e28d	[0, 1, 2]	[0, 1, 2]	[]	0
30ac5e74-e028-2493-05ce-838769c56e15|cb7d2bbf-2221-557f-fd53-befbc8343712	[0, 1, 2]	[0, 1, 2]	[[0, 0], [1, 1], [2, 2]]	2
0886600d-30f3-9d48-cdf9-e726f6cb0fef|a9044c62-16f5-765e-86d3-6d6ffcc2846b	[0, 1, 2]	[0, 1, 2]	[[0, 0], [1, 1], [2, 2]]	2
7213bccd-165e-215d-d514-c93f5d65ba58|d99c30d8-5cdf-c28d-7f4d-df3550b96c4d	[0, 1, 2]	[0, 1, 2]	[[0, 0], [1, 1], [2, 2]]	2
f7ffe962-877e-cdba-1cb0-013efd70645e|923820ef-be8e-2487-9ef5-4bff88846c0a	[0, 1, 2]	[0, 1, 2]	[[0, 0], [1, 1], [2, 2]]	1
71015f8c-fa7b-bdd1-952c-63efe92dc30c|67318e0b-8ec7-16f4-9f87-6292276fd3ff	[0, 1, 2]	[0, 1, 2]	[]	0
c442e248-9493-b553-be8b-9ea938c6d42c|26506d2e-ddca-943a-fac6-765af434b58a	[0, 1, 2]	[0, 1, 2]	[[0, 0], [1, 1], [2, 2]]	2
c29fe5fc-7bfd-f763-4fdc-1ea7bc36ff5a|f5878471-f962-6601-550d-ef4b0cbef659	[0, 1, 2]	[0, 1, 2]	[[0, 0], [1, 1], [2, 2]]	2
c753b020-d831-909b-4f3d-6652eb388dae|cf5c689e-f4fa-8809-610c-8c49e4f0da28	[0, 1, 2]	[0, 1, 2]	[[0, 0], [1, 1], [2, 2]]	1
d715a921-0bf9-1b8f-2101-c2025d967cba|140fc9da-c69c-9745-3e8e-d134f0e176f4	[0, 1, 2]	[0, 1, 2]	[[0, 0], [1, 1], [2, 2]]	1
888e8db0-8d4c-ff5e-b48a-b5debb350fc2|3b464c45-2822-94c4-0759-d31f11179312	[0, 1, 2]	[0, 1, 2]	[]	0
296f984b-55d3-3ee2-b240-ba66f95ddf83|5ccb9a1a-b3b8-1fb9-15da-d5a391fab286	[0, 1, 2]	[0, 1, 2]	[[0, 0], [1, 1], [2, 2]]	1
94866332-7a9c-c317-7592-513287750200|94269876-01a9-0b3d-21c3-a27a9d19489a	[0, 1, 2]	[0, 1, 2]	[[0, 0], [1, 1], [2, 2]]	2
3a3eab27-91ab-5975-bdad-0231f67fcdf7|79ea44e3-060e-f9c5-711d-2e9c7637f88c	[0, 1, 2]	[0, 1, 2]	[]	0
8aef4704-d377-3d66-f645-6af2256078ea|87944413-e730-9b22-8bdc-21f96dc2fa56	[0, 1, 2]	[0, 1, 2]	[[0, 0], [1, 1], [2, 2]]	2
fb24385a-aeec-655c-431a-84d2d52c2c7b|6312df8b-7c0c-8131-4b2f-a8243db85ae1	[0, 1, 2]	[0, 1, 2]	[]	0
e03f48bb-3e1b-818f-45be-6a5bdf361a30|a72582fb-211e-5f55-abe2-c272adcb9314	[0, 1, 2]	[0, 1, 2]	[[0, 0], [1, 1], [2, 2]]	2
40ab6db5-8635-a23b-186a-666470df26a7|8b6536fd-238d-bdc0-ad34-6f3575eb5ca1	[0, 1, 2]	[0, 1, 2]	[]	0
db74d3d3-770c-6fba-0f97-932602f1472c|6cf4a74f-c460-5f38-524c-7f0391015136	[0, 1, 2]	[0, 1, 2]	[]	0
cd754edd-ed79-ab36-b828-a243f00ba5f4|7edb1a2d-f89b-0e74-c00a-4e6ddb4dd259	[0, 1, 2]	[0, 1, 2]	[[0, 0], [1, 1], [2, 2]]	1
0a4be07d-9bcb-1fd2-3520-dfd56d36bc9f|2f93d64d-b45a-0fda-f527-ba7ab7d6c34b	[0, 1, 2]	[0, 1, 2]	[[0, 0], [1, 1], [2, 2]]	2
0d8b9799-94c3-8bab-e08c-ddbbeee5628a|4c3266cd-6d85-767d-7138-ba27e76dad50	[0, 1, 2]	[0, 1, 2]	[[0, 0], [1, 1], [2, 2]]	1
973016a6-b2cf-09cb-9606-1c8ada2e4734|c1e4ff3a-d07e-c670-6383-daf34666b009	[0, 1, 2]	[0, 1, 2]	[[0, 0], [1, 1], [2, 2]]	2
3ab21582-f8c8-c7ad-1e62-1b647f591de9|3d92c787-723d-2a63-1f98-84e57abfed08	[0, 1, 2]	[0, 1, 2]	[[0, 0], [1, 1], [2, 2]]	2
1615cfaa-180e-d9ca-ea38-5aa7d4aec5e2|af9ea217-b32c-e2df-9978-ec2d44361016	[0, 1, 2]	[0, 1, 2]	[[0, 0], [1, 1], [2, 2]]	1
08b23661-2bee-ae74-e4ee-008d3b955659|7853ae64-1bc8-20e6-867f-f639f7c693ac	[0, 1, 2]	[0, 1, 2]	[[0, 0], [1, 1], [2, 2]]	1
7d1a1e62-f4b6-ba08-8786-85083bae309a|5b59e012-6249-731e-bc4d-cab0f6d3632b	[0, 1, 2]	[0, 1, 2]	[[0, 0], [1, 1], [2, 2]]	2
1a901f88-c0fb-eb88-36b7-0e221504b5a7|936c12a5-8f1d-26b6-042c-dfdecbbba3e4	[0, 1, 2]	[0, 1, 2]	[]	0
289d1b9a-8fbd-ce30-7f68-aebb99d6b2df|4ccdf4ff-f9ab-5883-4691-34f7b4740fb0	[0, 1, 2]	[0, 1, 2]	[]	0
e97dc3aa-4412-a29c-89f8-fb835e3ff51e|6ae4078c-34a1-9d74-d543-d1a0b750f385	[0, 1, 2]	[0, 1, 2]	[[0, 0], [1, 1], [2, 2]]	1
7b4b48ea-ce3e-404a-f3e7-1d1dda7c3bb5|da5341ab-aaab-e974-77d6-e6365f742b75	[0, 1, 2]	[0, 1, 2]	[[0, 0], [1, 1], [2, 2]]	2
311bfc15-7d78-cdd1-e2eb-b6e2dfa2a1dc|7820243b-5a36-4a96-318d-6c5bc72ba71b	[0, 1, 2]	[0, 1, 2]	[[0, 0], [1, 1], [2, 2]]	1
140fc9da-c69c-9745-3e8e-d134f0e176f4|366f13ba-6936-5306-9eae-b5f544138a73	[0, 1, 2]	[0, 1, 2]	[[0, 0], [1, 1], [2, 2]]	2
6413b2ee-fa11-c7cf-4f4a-9b64689df383|8dbfc81e-8ccc-69c7-f6e0-8e2ecc338072	[0, 1, 2]	[0, 1, 2]	[[0, 0], [1, 1], [2, 2]]	1
ac96414c-b124-8153-8567-05cce84dd6a8|6035cbb6-5d8d-416e-6441-b775808f32af	[0, 1, 2]	[0, 1, 2]	[[0, 0], [1, 1], [2, 2]]	1
b9fc9ea1-1ac5-f031-b56d-c489d8d09948|58d23b15-793b-5d45-b8ed-15dd4f05011f	[0, 1, 2]	[0, 1, 2]	[[0, 0], [1, 1], [2, 2]]	1
129efcef-0331-bf1b-76a3-adffc8d5ed1b|98f14fdc-d608-d45a-a127-4fc40c7a44b0	[0, 1, 2]	[0, 1, 2]	[[0, 0], [1, 1], [2, 2]]	2
83010e7c-63ea-9986-e331-fc8925edbcfe|7820243b-5a36-4a96-318d-6c5bc72ba71b	[0, 1, 2]	[0, 1, 2]	[[0, 0], [1, 1], [2, 2]]	1
3a6c3056-b4c6-861a-7830-8163e06517e6|f65678aa-adb2-b94d-deff-c2ff6ebfb85b	[0, 1, 2]	[0, 1, 2]	[[0, 0], [1, 1], [2, 2]]	2
434abc71-c517-d248-b54c-c62d8d8b86a5|27c8313b-fdac-6efc-0b2b-fb7fe76dea89	[0, 1, 2]	[0, 1, 2]	[[0, 0], [1, 1], [2, 2]]	1
737a5a7e-d66a-18fc-9ef8-89379d90e28e|b698fa9c-0a3e-f88b-0537-91c5451256b6	[0, 1, 2]	[0, 1, 2]	[[0, 0], [1, 1], [2, 2]]	2
63e7af19-692b-237e-4d85-05226bd04b8b|25c4de32-1afe-9a39-a1d7-574571e627b0	[0, 1, 2]	[0, 1, 2]	[[0, 0], [1, 1], [2, 2]]	2
7999301f-b65a-0bac-c5cd-b8ebbb262840|b39d62d1-b09a-e070-0afa-3e5f504cec12	[0, 1, 2]	[0, 1, 2]	[[0, 0], [1, 1], [2, 2]]	1
7cefc4ee-541c-7ff1-027f-9a67270462e0|286fc237-ba43-8206-c6ae-ec4974f42de6	[0, 1, 2]	[0, 1, 2]	[[0, 0], [1, 1], [2, 2]]	1
79a71d15-e104-67e7-3f97-c00abcf28e2a|aa556844-7485-a496-b575-69dafee908b4	[0, 1, 2]	[0, 1, 2]	[[0, 0], [1, 1], [2, 2]]	2
29b7b6fd-a100-9885-d6cd-1f3cde6570fb|4e475830-4bd0-d0e3-1699-070ae4fafcc6	[0, 1, 2]	[0, 1, 2]	[]	0
7aaee27f-48ab-a0e3-163f-67e73dc4e562|ad0ceb94-f192-fb14-7a5c-31d2c02bffb7	[0, 1, 2]	[0, 1, 2]	[[0, 0], [1, 1], [2, 2]]	2
f52b842f-5102-4db2-8a57-34eba960eee3|e48f8998-4ba9-beb9-58c9-0452862e146a	[0, 1, 2]	[0, 1, 2]	[[0, 0], [1, 1], [2, 2]]	1
6095681b-8fbc-c719-3203-f8b5cd7453a7|fabe1f18-24fd-7b09-142a-5cc638422ecd	[0, 1, 2]	[0, 1, 2]	[]	0
fcf6f457-7989-da8e-b3ac-ad240127e513|5de3e93d-56b5-6e9f-816c-e206bbba12a2	[0, 1, 2]	[0, 1, 2]	[[0, 0], [1, 1], [2, 2]]	1
def6262b-18d8-6f2c-1a03-12a9c282b99c|b71eb615-2af2-64ce-3c46-0406303f827f	[0, 1, 2]	[0, 1, 2]	[]	0
9a8774db-17df-13c3-5205-c7df5bbca2fe|0222c4c9-6dfe-33cf-4b60-a4f0dcbedf84	[0, 1, 2]	[0, 1, 2]	[[0, 0], [1, 1], [2, 2]]	2
41c4c594-fe92-d3b2-c939-8d7ec6766c03|33460e83-01ab-42d0-6906-47e7fd7b1e30	[0, 1, 2]	[0, 1, 2]	[[0, 0], [1, 1], [2, 2]]	1
90da3b57-c559-8850-cd61-dd6ca9f5aa65|5efac592-6f56-95d6-5766-cf1441c2ff22	[0, 1, 2]	[0, 1, 2]	[]	0
ffa1c880-e230-b5fe-dc8c-b46cd5fbbf53|e3da6a17-74f5-b36d-3031-479784d2d378	[0, 1, 2]	[0, 1, 2]	[]	0
25d90284-8fad-b1bb-68ab-1ed5320713b4|7c6926e8-29fd-d2e8-88a9-638bcec72364	[0, 1, 2]	[0, 1, 2]	[[0, 0], [1, 1], [2, 2]]	2
8a8568cc-3335-868c-f46f-8db7c90fb9b6|db893cba-c863-09c6-fb0f-b4f153d92098	[0, 1, 2]	[0, 1, 2]	[]	0
10524cd7-0057-08ac-254b-12a27804a653|934c6df8-8107-7573-1235-f523120ec6f2	[0, 1, 2]	[0, 1, 2]	[[0, 0], [1, 1], [2, 2]]	2
2e9d3d5d-69e0-0c98-c254-ffc01fb9fc5f|e816cfc7-195a-a6de-4088-f5dceaee544f	[0, 1, 2]	[0, 1, 2]	[]	0
cd754edd-ed79-ab36-b828-a243f00ba5f4|f32c672d-8b44-b8cd-6e36-b01d743b4459	[0, 1, 2]	[0, 1, 2]	[[0, 0], [1, 1], [2, 2]]	1
58c1da26-ba21-0764-461d-a6f5a83f8ff8|628d288e-785b-1746-fc8f-2f54e6e75c66	[0, 1, 2]	[0, 1, 2]	[[0, 0], [1, 1], [2, 2]]	2
3590bc72-b0a1-4898-a26f-4a4f023946d5|24d53109-7f92-5ab1-f48f-26b570637fac	[0, 1, 2]	[0, 1, 2]	[[0, 0], [1, 1], [2, 2]]	2
6399bb75-4003-c415-76a8-eba9bc3f18a1|7bc75b2f-4258-fca6-2d29-6ecb7aac95e8	[0, 1, 2]	[0, 1, 2]	[[0, 0], [1, 1], [2, 2]]	1
a28d65e5-01d8-d6ff-ed6f-76a73667c69a|ba6dcd0d-4321-fb73-67a5-07d7f6760730	[0, 1, 2]	[0, 1, 2]	[[0, 0], [1, 1], [2, 2]]	2
f3bb76a4-bf44-d2d2-6aee-0aa14d94cdbf|ef947d8f-a41b-e8cf-ab2b-b9eaaf7b44bc	[0, 1, 2]	[0, 1, 2]	[[0, 0], [1, 1], [2, 2]]	1
a9245286-0e9d-7b3f-aca4-74ce2cec5a95|61ff35f5-df10-3c75-47ce-5b5cea82e187	[0, 1, 2]	[0, 1, 2]	[[0, 0], [1, 1], [2, 2]]	2
8960117b-4d15-9360-f075-cdb077b6d8e7|dbf74ef0-7851-e6e9-ceb9-f3db6f37b091	[0, 1, 2]	[0, 1, 2]	[[0, 0], [1, 1], [2, 2]]	1
c7de0467-b704-010c-2f26-082dd4149512|71115eaa-1fcb-7ae8-3afd-08adcb7218a4	[0, 1, 2]	[0, 1, 2]	[[0, 0], [1, 1], [2, 2]]	2
ce45def9-e3c0-7b93-137c-04b2e9df0b41|b0c35ad4-0a5d-b1e9-3445-351ebb565614	[0, 1, 2]	[0, 1, 2]	[[0, 0], [1, 1], [2, 2]]	2
44f1c961-122a-e8f8-8088-dbf4a87c0f21|81428ddd-6f79-d2b4-a6a7-8feec0be5395	[0, 1, 2]	[0, 1, 2]	[]	0
08642ff2-b482-2709-0b8e-8c6a6577593c|b9c4425b-2aad-0c31-d8db-2897f66ac575	[0, 1, 2]	[0, 1, 2]	[]	0
27ebaac1-0525-2ad8-6ef3-c3a004a1a949|1f9640dc-a6af-0dd7-88da-a49e6d13821b	[0, 1, 2]	[0, 1, 2]	[[0, 0], [1, 1], [2, 2]]	2
fcf6f457-7989-da8e-b3ac-ad240127e513|112a34c6-a7e1-fa46-0ff4-3243a2250f6f	[0, 1, 2]	[0, 1, 2]	[[0, 0], [1, 1], [2, 2]]	1
6399bb75-4003-c415-76a8-eba9bc3f18a1|8c7f18fb-2028-a1df-948e-958343a6c3a7	[0, 1, 2]	[0, 1, 2]	[[0, 0], [1, 1], [2, 2]]	1
a509522d-9674-ba46-d5bc-36fe23c1a805|14415de8-c5d3-5eb4-7bb4-11c349d88491	[0, 1, 2]	[0, 1, 2]	[[0, 0], [1, 1], [2, 2]]	1
7da0dcfa-0e9a-f7af-5d0f-8431951a18ff|578fee45-f138-4a19-2ccb-5cd6c46ee985	[0, 1, 2]	[0, 1, 2]	[[0, 0], [1, 1], [2, 2]]	1
1bfef6c0-108e-05bb-1f14-d3278a05d309|5b1266c5-7041-1b4d-8a69-bee10c4acffd	[0, 1, 2]	[0, 1, 2]	[[0, 0], [1, 1], [2, 2]]	2
c3632283-3cea-c05d-fe60-4c4584bba215|5a75cfca-478f-99a9-d2c4-ff38e34009be	[0, 1, 2]	[0, 1, 2]	[[0, 0], [1, 1], [2, 2]]	2
9a14f242-391d-cbf2-0156-66cd867cc1d8|4d6bfdcf-7ecc-0c1a-2763-fba99f6b2853	[0, 1, 2]	[0, 1, 2]	[[0, 0], [1, 1], [2, 2]]	2
a8a7f07b-7cfc-7e62-9af3-f16d3cedd007|d0555465-fc63-5f7e-d703-2c63dfb9402c	[0, 1, 2]	[0, 1, 2]	[[0, 0], [1, 1], [2, 2]]	2
98b1766f-e75a-6ec7-c250-4f6f2d93864e|bc98bda0-2bc2-cdf9-3588-68fe5fe2dd8e	[0, 1, 2]	[0, 1, 2]	[]	0
0cc71189-e6d4-cc0b-ea4e-53abc675486b|efcae6b4-ca27-71e6-8f59-9c0e0f16ec09	[0, 1, 2]	[0, 1, 2]	[[0, 0], [1, 1], [2, 2]]	2
2ba1e901-604f-3124-0dfa-563c77380b19|37e92666-681f-1e76-8b56-a16f325365a3	[0, 1, 2]	[0, 1, 2]	[]	0
99fce973-0f88-4f20-0c04-25d2c0ab726a|f8d8e3ae-76a2-a85d-8ebc-744973336af9	[0, 1, 2]	[0, 1, 2]	[[0, 0], [1, 1], [2, 2]]	1
8e6bfd56-7900-6970-dc2a-773045aa9104|b4b491a7-0b2b-541e-1add-ba831d8349be	[0, 1, 2]	[0, 1, 2]	[[0, 0], [1, 1], [2, 2]]	2
d729edf4-9b43-7702-fe33-fc4e54773f2e|8f5f68ff-82da-048c-ac09-bd9e57fa142d	[0, 1, 2]	[0, 1, 2]	[]	0
7213bccd-165e-215d-d514-c93f5d65ba58|e3f6a99c-a353-fd86-9c65-6edb8f31333e	[0, 1, 2]	[0, 1, 2]	[[0, 0], [1, 1], [2, 2]]	2
692e1981-1f34-abb5-3795-5823fcd19581|a653a682-f91b-5225-0eda-f7a2ce04c030	[0, 1, 2]	[0, 1, 2]	[[0, 0], [1, 1], [2, 2]]	2
ee87aa8e-58d1-33ff-ba95-854aac86b41b|9085ceb8-4165-9131-dfca-22059db51a98	[0, 1, 2]	[0, 1, 2]	[]	0
dfee0f7b-5c94-aeac-5619-29739821601f|789fa932-a4d6-2ded-2fcd-4b6a02c505fb	[0, 1, 2]	[0, 1, 2]	[[0, 0], [1, 1], [2, 2]]	2
ed1bcb2d-75ce-bb4b-b849-061975d27bf1|79ea44e3-060e-f9c5-711d-2e9c7637f88c	[0, 1, 2]	[0, 1, 2]	[]	0
75ee0d2f-642b-9725-f490-9ffaa05fa95b|06cbb841-e33d-d96a-4c4c-34b8112dbbdb	[0, 1, 2]	[0, 1, 2]	[[0, 0], [1, 1], [2, 2]]	2
25d90284-8fad-b1bb-68ab-1ed5320713b4|cc72f57b-a32e-c976-788d-81fe41fe0824	[0, 1, 2]	[0, 1, 2]	[[0, 0], [1, 1], [2, 2]]	1
aa57af5e-54f0-a3a2-e4c3-59969b753b52|2c527fcb-1619-b5c1-97a8-af789bdb0038	[0, 1, 2]	[0, 1, 2]	[[0, 0], [1, 1], [2, 2]]	2
721b608b-57c4-2979-d6b5-e2cad286cde9|5a9e0348-69e6-0eb5-e8ca-cb1fc429b85f	[0, 1, 2]	[0, 1, 2]	[[0, 0], [1, 1], [2, 2]]	2
06064806-e8e8-9be3-95d5-9486de57c33e|692e1981-1f34-abb5-3795-5823fcd19581	[0, 1, 2]	[0, 1, 2]	[[0, 0], [1, 1], [2, 2]]	1
7cc59848-88cd-6132-8758-bf138945a27c|1e1d6695-f999-a1ee-1e89-206b955fb049	[0, 1, 2]	[0, 1, 2]	[[0, 0], [1, 1], [2, 2]]	1
c9578b29-d45c-65a2-014c-4bc2391e2101|34fac558-fee0-b334-0ac9-bbfe442cc0ea	[0, 1, 2]	[0, 1, 2]	[[0, 0], [1, 1], [2, 2]]	1
75d42167-a2b0-1884-4994-ae430f86136e|4d46a88b-6911-bdab-1ea7-40a7203bfa10	[0, 1, 2]	[0, 1, 2]	[[0, 0], [1, 1], [2, 2]]	2
286fc237-ba43-8206-c6ae-ec4974f42de6|290f387d-251e-3cf2-ab95-4652501f251e	[0, 1, 2]	[0, 1, 2]	[[0, 0], [1, 1], [2, 2]]	2
8818c627-b47f-3a96-f31e-9759fcd0dbc3|9f911fdc-67f0-6ef2-969e-0678ac92158b	[0, 1, 2]	[0, 1, 2]	[]	0
e309ec39-5193-2f29-3d24-e299dc9f9825|9b58667f-ecc2-5ab1-abad-1e74d3c524e3	[0, 1, 2]	[0, 1, 2]	[[0, 0], [1, 1], [2, 2]]	2
f2007d39-88ba-5d27-cb45-6949a1e92831|bec1fd49-621b-9560-16c2-840a7c253d2a	[0, 1, 2]	[0, 1, 2]	[[0, 0], [1, 1], [2, 2]]	2
1e42038b-958c-7a71-e64f-91f4fda9937b|75ee0d2f-642b-9725-f490-9ffaa05fa95b	[0, 1, 2]	[0, 1, 2]	[[0, 0], [1, 1], [2, 2]]	2
81eaa298-7280-30c0-bd4a-306d4e7773ed|864448db-cc69-fe43-b587-6149efa1790e	[0, 1, 2]	[0, 1, 2]	[[0, 0], [1, 1], [2, 2]]	2
737a5a7e-d66a-18fc-9ef8-89379d90e28e|ae69231d-b667-c73a-9e4c-b1e86bf42007	[0, 1, 2]	[0, 1, 2]	[[0, 0], [1, 1], [2, 2]]	2
08642ff2-b482-2709-0b8e-8c6a6577593c|6a10ed77-3b1e-0177-591b-e328974ea7d0	[0, 1, 2]	[0, 1, 2]	[[0, 0], [1, 1], [2, 2]]	2
6143773f-660c-aa04-6d51-80e026eb0c49|20e638ad-722a-0bb3-12d6-514cfcad7f0e	[0, 1, 2]	[0, 1, 2]	[]	0
bf2a570f-e955-eb50-e309-6762c08dec8f|81ef3fa3-d899-b6bf-da24-6cd7858a8116	[0, 1, 2]	[0, 1, 2]	[]	0
ff3fcb94-ae3c-f3cf-602d-16f194068e05|7848e92f-b42e-c5f8-eac5-c99ed4247e90	[0, 1, 2]	[0, 1, 2]	[[0, 0], [1, 1], [2, 2]]	2
c9708d9e-b097-7183-c799-928454cc5f21|4a6cf8ae-22f0-7ea8-628e-a64d3c018dc7	[0, 1, 2]	[0, 1, 2]	[[0, 0], [1, 1], [2, 2]]	2
4f23f7f1-169a-b1bb-b74a-eed307dad6d9|2b1fd90d-65ab-862d-1663-eea73481f7e2	[0, 1, 2]	[0, 1, 2]	[[0, 0], [1, 1], [2, 2]]	2
389b276b-3997-32a8-03bf-5f36bd2086e6|5ae60bf9-0a0a-fc60-20bb-0a74206fdb25	[0, 1, 2]	[0, 1, 2]	[[0, 0], [1, 1], [2, 2]]	2
e1a92ecd-be93-fe99-d6c3-7c9f197636c1|905b2b76-cbbc-4ade-f43d-4da3317e215e	[0, 1, 2]	[0, 1, 2]	[[0, 0], [1, 1], [2, 2]]	1
d53a7750-f575-40d2-3158-bc93fd53f995|0b949f16-f073-256e-6b7d-9703c51f1f52	[0, 1, 2]	[0, 1, 2]	[]	0
adfd0b33-7c18-7fc8-57a8-9dc3d040de05|cd716156-613b-1776-520f-4538030cdd4e	[0, 1, 2]	[0, 1, 2]	[[0, 0], [1, 1], [2, 2]]	2
19d94bac-d827-6026-6cda-685d0dfd0845|a9edec37-7af8-9427-7b33-0babeb2dad2d	[0, 1, 2]	[0, 1, 2]	[[0, 0], [1, 1], [2, 2]]	2
465f2786-afba-35e6-6875-2a9e035a30c5|2527de46-a86f-c444-6c35-136fe13d4c6a	[0, 1, 2]	[0, 1, 2]	[[0, 0], [1, 1], [2, 2]]	2
5ecbbc97-6abe-7b28-e8b2-ed3012fe779f|50c50a23-c01c-afca-6065-7d6c295acaf1	[0, 1, 2]	[0, 1, 2]	[[0, 0], [1, 1], [2, 2]]	2
2fc3aed9-0924-14d0-1db5-5cfc44d4872d|588f4a30-fa3e-7598-c56f-aab5bf174cf0	[0, 1, 2]	[0, 1, 2]	[]	0
69c4406b-29b6-2ed3-c018-9e7e206773ab|0c96aba6-9788-566f-628a-ec4fe633b7cd	[0, 1, 2]	[0, 1, 2]	[[0, 0], [1, 1], [2, 2]]	2
9fc043a5-df3f-7c7f-b9b2-c365d1c1ac74|70856250-b7d8-e2d5-9bb8-87c425c95e4a	[0, 1, 2]	[0, 1, 2]	[[0, 0], [1, 1], [2, 2]]	2
46713b95-0c87-4de2-cfa0-4a2dbf3bdf3e|5a75cfca-478f-99a9-d2c4-ff38e34009be	[0, 1, 2]	[0, 1, 2]	[[0, 0], [1, 1], [2, 2]]	2
8678cf46-208c-aaec-6804-ef1bdbf74c89|3438c770-a616-ca48-8a94-c3d70e8c0f1e	[0, 1, 2]	[0, 1, 2]	[[0, 0], [1, 1], [2, 2]]	1
20666aeb-b4fc-d2b3-f9f4-1bc7ebafc176|25c4de32-1afe-9a39-a1d7-574571e627b0	[0, 1, 2]	[0, 1, 2]	[[0, 0], [1, 1], [2, 2]]	2
77be8f42-dcab-8c75-01c7-0cb04a89aa15|a72582fb-211e-5f55-abe2-c272adcb9314	[0, 1, 2]	[0, 1, 2]	[[0, 0], [1, 1], [2, 2]]	2
4118d887-fd72-9a8a-7fbe-24e08608b158|692e1981-1f34-abb5-3795-5823fcd19581	[0, 1, 2]	[0, 1, 2]	[[0, 0], [1, 1], [2, 2]]	2
2a77ba8b-3834-201f-8d6a-57fb639245cb|91c38628-9e0d-0c93-54a7-f604eb5dbc24	[0, 1, 2]	[0, 1, 2]	[[0, 0], [1, 1], [2, 2]]	2
5b3735bc-f3cb-1b04-e3d7-5e12349b4f44|1207ba99-5e14-4ad4-038a-41b3c17b1750	[0, 1, 2]	[0, 1, 2]	[[0, 0], [1, 1], [2, 2]]	2
c442e248-9493-b553-be8b-9ea938c6d42c|45480cd4-7c44-bbf0-c084-1e966aef135f	[0, 1, 2]	[0, 1, 2]	[[0, 0], [1, 1], [2, 2]]	2
f7958411-a185-0d40-c09c-49822c550215|36775c2e-f836-8966-8a0a-41c55799a5b1	[0, 1, 2]	[0, 1, 2]	[[0, 0], [1, 1], [2, 2]]	2
1673b906-1b84-5462-a2b4-c8e5f49b07fc|a473bf43-8552-78d2-6d9a-dddebea2a7c3	[0, 1, 2]	[0, 1, 2]	[[0, 0], [1, 1], [2, 2]]	2
0c5375f6-5607-5e37-2dd3-ba5b44cd6d40|cb7d2bbf-2221-557f-fd53-befbc8343712	[0, 1, 2]	[0, 1, 2]	[[0, 0], [1, 1], [2, 2]]	1
10ad5a2c-4308-cde9-fdce-fbf77bbc001b|c2bf6ed3-5e28-f4c7-8324-8c53f0ba4dd4	[0, 1, 2]	[0, 1, 2]	[[0, 0], [1, 1], [2, 2]]	1
6143773f-660c-aa04-6d51-80e026eb0c49|ad0ceb94-f192-fb14-7a5c-31d2c02bffb7	[0, 1, 2]	[0, 1, 2]	[[0, 0], [1, 1], [2, 2]]	1
3414368b-0ccd-a3f6-0817-d9deb3e981be|ed1ad446-d8d3-6e75-7cd6-e3718ec35deb	[0, 1, 2]	[0, 1, 2]	[]	0
c7b4abbc-7bb9-7d6c-4868-00a973b9a54f|b552b49a-ff97-066f-4fe1-7e0b89b06301	[0, 1, 2]	[0, 1, 2]	[[0, 0], [1, 1], [2, 2]]	2
7b98e8e7-dede-d25b-33da-ebbf5d3402f2|72a4afe2-ad67-c3f8-26e7-8ca4e1c54c87	[0, 1, 2]	[0, 1, 2]	[[0, 0], [1, 1], [2, 2]]	1
4cbb70ff-e5e7-2a98-993c-76e34d959b11|8f2fa9b7-86fe-8a07-1d11-0ea6cd70662a	[0, 1, 2]	[0, 1, 2]	[[0, 0], [1, 1], [2, 2]]	2
08c98e8b-6484-c53e-307a-7aaeb13c0a14|e040f880-e8d2-a431-c66b-41f8af1e1c65	[0, 1, 2]	[0, 1, 2]	[[0, 0], [1, 1], [2, 2]]	2
64d4e054-0b13-e4bd-a46f-76009e3d3fc4|c19d7c4b-4eaf-b0b0-cb4a-03d5d17a1795	[0, 1, 2]	[0, 1, 2]	[]	0
ba2d7687-3271-aae5-2259-d6a020d8f9cb|d4803729-3f1d-1d0f-15ca-b0525c60ea2f	[0, 1, 2]	[0, 1, 2]	[]	0
6febe495-bf29-2575-e5a8-ce9f103cbcda|7edb1a2d-f89b-0e74-c00a-4e6ddb4dd259	[0, 1, 2]	[0, 1, 2]	[[0, 0], [1, 1], [2, 2]]	1
4c10109a-b02e-8999-66de-110d850575d9|54499749-bdd9-a69c-1ad4-7774310e063e	[0, 1, 2]	[0, 1, 2]	[[0, 0], [1, 1], [2, 2]]	1
c7902f14-610a-e01f-c8a1-7f5b46cd554a|1673b906-1b84-5462-a2b4-c8e5f49b07fc	[0, 1, 2]	[0, 1, 2]	[[0, 0], [1, 1], [2, 2]]	2
72cb8c21-4c74-cbe3-ea3c-1dee32e27c6f|1d43845a-715b-6ba7-b19d-8a73b5a9d0fc	[0, 1, 2]	[0, 1, 2]	[[0, 0], [1, 1], [2, 2]]	2
bfc8b0e6-17d4-7575-b62a-6529fd7f50ca|8898ecac-216e-58c4-b947-3daf3bc2e80a	[0, 1, 2]	[0, 1, 2]	[]	0
5a04e0d9-66d6-ba69-009c-62d00f8d80f3|fabe1f18-24fd-7b09-142a-5cc638422ecd	[0, 1, 2]	[0, 1, 2]	[]	0
80ecb161-fcee-9e89-a90b-f11f620574cf|4debefd4-e8b4-0991-636b-2ef5a314af4c	[0, 1, 2]	[0, 1, 2]	[[0, 0], [1, 1], [2, 2]]	2
c5761012-6248-81e9-c2c4-87aa416fa336|9a1e912c-25bc-bbc0-db54-829fa70214b9	[0, 1, 2]	[0, 1, 2]	[[0, 0], [1, 1], [2, 2]]	2
c9708d9e-b097-7183-c799-928454cc5f21|f7936c0a-c473-5d4f-0c99-73fb4b78c87d	[0, 1, 2]	[0, 1, 2]	[]	0
46713b95-0c87-4de2-cfa0-4a2dbf3bdf3e|d9b91ee8-6c7a-1517-5637-74149d37b1fa	[0, 1, 2]	[0, 1, 2]	[[0, 0], [1, 1], [2, 2]]	2
21ab26d2-3177-9f44-1396-d2f2d67932b6|1c834ae1-215a-592f-b137-d4d747353197	[0, 1, 2]	[0, 1, 2]	[[0, 0], [1, 1], [2, 2]]	2
7857ddae-bd5e-80c6-e7bd-8ef8df0ef424|12d3dd4a-8b5d-0e14-fb62-8fef76a52313	[0, 1, 2]	[0, 1, 2]	[[0, 0], [1, 1], [2, 2]]	2
85b53c24-31aa-d7e3-7307-73b44b899896|f8d8e3ae-76a2-a85d-8ebc-744973336af9	[0, 1, 2]	[0, 1, 2]	[[0, 0], [1, 1], [2, 2]]	1
a2f3050d-622d-ccdd-05a1-071e63425641|aa556844-7485-a496-b575-69dafee908b4	[0, 1, 2]	[0, 1, 2]	[[0, 0], [1, 1], [2, 2]]	1
337c6cde-9623-3e69-8d5d-5e127998ee75|87e65e24-a090-f4cd-c0ff-441904cb3f9a	[0, 1, 2]	[0, 1, 2]	[[0, 0], [1, 1], [2, 2]]	2
db6e8932-b81d-61f0-e48d-1ee688da6b1b|b9c4425b-2aad-0c31-d8db-2897f66ac575	[0, 1, 2]	[0, 1, 2]	[]	0
089389e4-a8a2-3438-389d-1d30ac0e85a3|ba49ebf4-0a75-a091-948c-b2f6ae4718dc	[0, 1, 2]	[0, 1, 2]	[]	0
ac96414c-b124-8153-8567-05cce84dd6a8|cd4b1bfd-8e96-8512-9417-41246e442d77	[0, 1, 2]	[0, 1, 2]	[]	0
83641be0-668c-844e-8426-6b0da36a9a1e|ef231692-b8b7-298e-3557-403b1d156e1b	[0, 1, 2]	[0, 1, 2]	[[0, 0], [1, 1], [2, 2]]	1
e4998eb3-52af-87f1-f9bd-7dbcf344f587|33460e83-01ab-42d0-6906-47e7fd7b1e30	[0, 1, 2]	[0, 1, 2]	[[0, 0], [1, 1], [2, 2]]	2
ea4f0e44-4a72-58f1-cda2-37a75b00f744|cc72f57b-a32e-c976-788d-81fe41fe0824	[0, 1, 2]	[0, 1, 2]	[[0, 0], [1, 1], [2, 2]]	2
19ba024f-1548-e9eb-c1de-5b81552727fb|76d59cb7-3383-4345-835c-3b12aa63c92f	[0, 1, 2]	[0, 1, 2]	[[0, 0], [1, 1], [2, 2]]	2
69512dfe-e884-b00c-42a6-24fabce64338|68a1053c-b01d-bab2-5158-86f56577bbc1	[0, 1, 2]	[0, 1, 2]	[[0, 0], [1, 1], [2, 2]]	1
e4998eb3-52af-87f1-f9bd-7dbcf344f587|c3abcb5b-0c97-5ae5-aff8-cf55d1392ee4	[0, 1, 2]	[0, 1, 2]	[[0, 0], [1, 1], [2, 2]]	2
a474b408-3c47-29d0-3440-f0bd91029290|38b037f2-4c0f-631b-ad2b-e76f0347ee2c	[0, 1, 2]	[0, 1, 2]	[[0, 0], [1, 1], [2, 2]]	2
6399bb75-4003-c415-76a8-eba9bc3f18a1|0222c4c9-6dfe-33cf-4b60-a4f0dcbedf84	[0, 1, 2]	[0, 1, 2]	[[0, 0], [1, 1], [2, 2]]	1
670a052f-6f3f-1995-3d36-a44479664371|9b8aed04-a9bc-ad65-7e34-c419cd8b1562	[0, 1, 2]	[0, 1, 2]	[[0, 0], [1, 1], [2, 2]]	2
f6f4d04b-b592-65b7-2fc1-2772f792de9b|53061afb-fff2-52f4-87ec-8f9a67fcbd83	[0, 1, 2]	[0, 1, 2]	[]	0
fce65fd5-e6c7-44fe-ea01-1edc6ba2b699|4d6bfdcf-7ecc-0c1a-2763-fba99f6b2853	[0, 1, 2]	[0, 1, 2]	[[0, 0], [1, 1], [2, 2]]	2
eceee916-a4ed-5aec-615d-2acc95e8d0b5|b3c671ef-d633-6ac0-e07b-b9813dff5903	[0, 1, 2]	[0, 1, 2]	[[0, 0], [1, 1], [2, 2]]	2
b0540755-d914-c073-459e-763adc5d6a2b|def4b9a3-0824-6b8e-279f-e91b497a9097	[0, 1, 2]	[0, 1, 2]	[[0, 0], [1, 1], [2, 2]]	2
3fae90a9-9c79-8773-a54a-8e820ef49383|bd2f349b-cce2-29f7-8775-32d675f90f46	[0, 1, 2]	[0, 1, 2]	[[0, 0], [1, 1], [2, 2]]	2
763d8f50-ca2c-b36c-721f-b5b2163e29f9|c005deca-0a59-68ae-f320-6ace64956ff7	[0, 1, 2]	[0, 1, 2]	[[0, 0], [1, 1], [2, 2]]	2
3ac23001-052c-a614-27f9-985057841a6d|7f51650f-97cf-6ab1-c623-69d95cac5750	[0, 1, 2]	[0, 1, 2]	[]	0
a474b408-3c47-29d0-3440-f0bd91029290|45210c6c-8bf8-c91a-4a3c-d405eee6878d	[0, 1, 2]	[0, 1, 2]	[]	0
5c258dc6-b155-6644-472a-509c42a31e9a|4debefd4-e8b4-0991-636b-2ef5a314af4c	[0, 1, 2]	[0, 1, 2]	[[0, 0], [1, 1], [2, 2]]	1
698fac0a-b284-4432-34ff-613c4175c3fc|5d196c7b-b198-bc69-54e7-e54741bf65d0	[0, 1, 2]	[0, 1, 2]	[[0, 0], [1, 1], [2, 2]]	2
bedae442-5a30-5ce2-58b7-351f2a51ae33|f8d8e3ae-76a2-a85d-8ebc-744973336af9	[0, 1, 2]	[0, 1, 2]	[[0, 0], [1, 1], [2, 2]]	2
0f6c01dd-0991-a153-3e33-1fb48604e668|083fd5d5-7890-c965-970d-0a6d1bf0bee6	[0, 1, 2]	[0, 1, 2]	[[0, 0], [1, 1], [2, 2]]	2
c02362f3-e54a-cc2b-f051-96928003d54d|a8413434-f75d-d5b4-d0a3-ece104c9ba75	[0, 1, 2]	[0, 1, 2]	[[0, 0], [1, 1], [2, 2]]	2
5034c6fc-d120-4025-4dc0-78c9a7f44506|9b4705ee-198f-d8a7-5023-a2f4f433e628	[0, 1, 2]	[0, 1, 2]	[]	0
163abb8c-4f36-1277-eac8-6668908d0477|b0540755-d914-c073-459e-763adc5d6a2b	[0, 1, 2]	[0, 1, 2]	[[0, 0], [1, 1], [2, 2]]	2
ad9c5367-38b5-49a8-c82d-bcd9d6930500|f8bd0da1-23cc-1faa-2478-91f435013a0c	[0, 1, 2]	[0, 1, 2]	[[0, 0], [1, 1], [2, 2]]	1
7f3930ff-ffc3-4300-1b72-843d5cc14559|b66bc065-bc39-2b3b-c405-4381e6b950c1	[0, 1, 2]	[0, 1, 2]	[]	0
b938f01e-b60d-01a5-fb26-d60b2d868dee|883a699a-9589-dd06-8e45-582c54391fa0	[0, 1, 2]	[0, 1, 2]	[[0, 0], [1, 1], [2, 2]]	2
d5eb4d82-ab3d-9b77-1cd2-c037c8d755bb|7ca8bd74-3eab-8e7d-e087-0dd460999a82	[0, 1, 2]	[0, 1, 2]	[[0, 0], [1, 1], [2, 2]]	1
c39fae62-f1e7-eacb-a640-c9186c60e9e7|8cedc4fa-b178-3740-995b-fc3cf3b37b6b	[0, 1, 2]	[0, 1, 2]	[]	0
571924f9-5706-df11-25d0-b43ef50b4721|7ad44d6b-f370-4a3b-aa3e-7a916d17a53c	[0, 1, 2]	[0, 1, 2]	[[0, 0], [1, 1], [2, 2]]	2
7eef1864-97ab-6b5c-73c0-cbb19de960d6|06dc8be1-62b4-1853-856f-56cede922de2	[0, 1, 2]	[0, 1, 2]	[[0, 0], [1, 1], [2, 2]]	2
b07b1cd9-e3a8-3bb4-8bb7-fbd4cd8dda20|334da81e-5345-b87a-7822-a1375be24c33	[0, 1, 2]	[0, 1, 2]	[[0, 0], [1, 1], [2, 2]]	2
26537d55-0645-19e9-f30e-a0506ba617b9|c922c183-636d-2308-a5d7-da3e1dbe597c	[0, 1, 2]	[0, 1, 2]	[[0, 0], [1, 1], [2, 2]]	2
29cca60a-58f7-34a0-d71c-264723cc1f34|cabc4052-7836-0d29-25b5-6792647525f2	[0, 1, 2]	[0, 1, 2]	[]	0
b3272f06-2060-89cb-81b0-4d7eb19800e7|6e3b703e-e9eb-c00b-845e-9252fce57813	[0, 1, 2]	[0, 1, 2]	[[0, 0], [1, 1], [2, 2]]	2
cd716156-613b-1776-520f-4538030cdd4e|39146d52-e760-ea88-04aa-862f4c9a8550	[0, 1, 2]	[0, 1, 2]	[[0, 0], [1, 1], [2, 2]]	1
45985b3a-a511-d0e4-a784-21048f2f365a|94d867d3-912d-089e-d32b-641de31d7f47	[0, 1, 2]	[0, 1, 2]	[[0, 0], [1, 1], [2, 2]]	1
75ab54d9-63a7-86da-9248-5102326e0967|e8e1125a-1a10-a771-aef4-7d393e85681f	[0, 1, 2]	[0, 1, 2]	[[0, 0], [1, 1], [2, 2]]	2
f6d260ce-b371-d76a-e347-28c6753181f5|4f5b7eec-1cb3-fbda-fd16-7ce143c34f4e	[0, 1, 2]	[0, 1, 2]	[[0, 0], [1, 1], [2, 2]]	2
88440a6e-32c7-b21c-3833-2227a8bf2c40|578b5e5d-c058-de31-d4e7-7155d7f091d7	[0, 1, 2]	[0, 1, 2]	[[0, 0], [1, 1], [2, 2]]	2
937ec24d-3b20-b62a-6618-732b87545940|9cad627a-a3d4-3b02-5176-1e4eb16d4b1f	[0, 1, 2]	[0, 1, 2]	[]	0
70856250-b7d8-e2d5-9bb8-87c425c95e4a|9ca2921d-0bac-1d66-6a04-6b8c306677f0	[0, 1, 2]	[0, 1, 2]	[[0, 0], [1, 1], [2, 2]]	2
ad9c5367-38b5-49a8-c82d-bcd9d6930500|d71a0ec0-e6ff-d796-185b-5c76f265ab03	[0, 1, 2]	[0, 1, 2]	[[0, 0], [1, 1], [2, 2]]	1
9ce2fad9-aa17-9a93-b284-d2f77e567309|af6b605f-ffce-a74d-fdb4-4e69fa8a0637	[0, 1, 2]	[0, 1, 2]	[[0, 0], [1, 1], [2, 2]]	2
ab795038-99fa-c021-50b4-0904f1d4e6a7|55582e3c-cbe1-cfc5-d9d0-f12b562ffbba	[0, 1, 2]	[0, 1, 2]	[]	0
ffa1c880-e230-b5fe-dc8c-b46cd5fbbf53|60359a7a-9eb7-d0ee-ecc8-44f1033c3771	[0, 1, 2]	[0, 1, 2]	[[0, 0], [1, 1], [2, 2]]	1
0a22b222-a8d9-c256-8940-b206459f0c7f|d60d92dd-5a3a-e349-67a2-eb8d9316a477	[0, 1, 2]	[0, 1, 2]	[[0, 0], [1, 1], [2, 2]]	2
187334b7-8e3f-3378-4485-3292440d7989|f8d8e3ae-76a2-a85d-8ebc-744973336af9	[0, 1, 2]	[0, 1, 2]	[[0, 0], [1, 1], [2, 2]]	2
0bcb0cff-9603-53d8-f364-ea3dd6819262|1a777e0a-2794-d59d-f1d2-120727377a66	[0, 1, 2]	[0, 1, 2]	[[0, 0], [1, 1], [2, 2]]	1
e88b5878-5f63-1745-b313-97426215defd|0dcce3c8-04d4-093e-a0e1-eb5dcfa96186	[0, 1, 2]	[0, 1, 2]	[]	0
cb0f8f8c-54f3-ae1a-2a2a-ca0f0b89f56d|a1923d37-0cd2-a47c-5423-8a2eb829a993	[0, 1, 2]	[0, 1, 2]	[[0, 0], [1, 1], [2, 2]]	2
8d17d4cd-4e41-413e-992b-c53db323b1c3|7eef1864-97ab-6b5c-73c0-cbb19de960d6	[0, 1, 2]	[0, 1, 2]	[[0, 0], [1, 1], [2, 2]]	1
206e98d1-88cf-aa94-a888-0643893c2e0f|cd7ebd9b-3369-894a-d5a7-4ec096ddc952	[0, 1, 2]	[0, 1, 2]	[]	0
713f6c22-d62a-16b8-d851-c82390ed1b6c|cbf50fc6-0a9e-0516-643f-7ac81cd10146	[0, 1, 2]	[0, 1, 2]	[[0, 0], [1, 1], [2, 2]]	1
6fc89343-60e1-3bf7-40c4-cff5b2e1da56|81b4abb1-baac-70b8-cbd2-4da8244468bc	[0, 1, 2]	[0, 1, 2]	[]	0
7c959c1b-1d72-4182-bc43-4f839ddfc6da|39ff52de-b2c4-6b75-cd75-0ab966872c1e	[0, 1, 2]	[0, 1, 2]	[[0, 0], [1, 1], [2, 2]]	2
553149b9-ad47-4d85-5808-8f167f0b0907|2f7f6a7f-5f39-44f3-c0d7-139c0d98a780	[0, 1, 2]	[0, 1, 2]	[]	0
b4b491a7-0b2b-541e-1add-ba831d8349be|47ce2a94-fa47-8f69-c59e-2c5d07b3671b	[0, 1, 2]	[0, 1, 2]	[]	0
3a2b0337-5f70-7203-b39a-fda7c3a2416e|ad0ceb94-f192-fb14-7a5c-31d2c02bffb7	[0, 1, 2]	[0, 1, 2]	[[0, 0], [1, 1], [2, 2]]	1
4833d5b3-bda8-e6e0-9432-1bcef0cd5fca|8d64d5b3-1cc0-d53b-0d7c-0c26eb417375	[0, 1, 2]	[0, 1, 2]	[[0, 0], [1, 1], [2, 2]]	2
f7958411-a185-0d40-c09c-49822c550215|f33ed608-e89a-4212-230d-fdce26b8de52	[0, 1, 2]	[0, 1, 2]	[]	0
99690342-f162-1b42-18ee-b98b35bb028e|61b15487-6f12-e8e9-f0e1-5925d0e2a6b1	[0, 1, 2]	[0, 1, 2]	[[0, 0], [1, 1], [2, 2]]	2
3cd6e4e2-d4c2-e566-a1fc-884d10900d2a|1fad571a-e94c-4ae3-3b77-0677f6ce72e0	[0, 1, 2]	[0, 1, 2]	[]	0
f2a11e8c-9e51-c251-83c8-47dd7de1200d|97c27654-8b85-be49-7aa3-dba8d1cd6470	[0, 1, 2]	[0, 1, 2]	[[0, 0], [1, 1], [2, 2]]	1
71d998b6-95f6-d43d-14f2-79c834d76224|f71b5b1a-e2bd-91cf-b50a-9c87f96ec14f	[0, 1, 2]	[0, 1, 2]	[]	0
962575cf-4863-f18f-3636-d613c6574d5e|71115eaa-1fcb-7ae8-3afd-08adcb7218a4	[0, 1, 2]	[0, 1, 2]	[[0, 0], [1, 1], [2, 2]]	1
9a3911fe-4a2b-5c80-d0b8-be4d92e3f0f7|c066a229-0b3b-b089-de87-7dbfc1ddb346	[0, 1, 2]	[0, 1, 2]	[]	0
592c5058-ebb5-ab47-030f-9e63349c4512|e382aec2-a39f-5574-76df-e485df72b230	[0, 1, 2]	[0, 1, 2]	[[0, 0], [1, 1], [2, 2]]	2
68fb619e-324f-77c5-bdb2-301f4e2e7d05|90272a7d-3174-c7e2-8368-4282a11f18a7	[0, 1, 2]	[0, 1, 2]	[[0, 0], [1, 1], [2, 2]]	2
2ff8c985-893a-773a-7876-8dc9a995db7b|e309ec39-5193-2f29-3d24-e299dc9f9825	[0, 1, 2]	[0, 1, 2]	[[0, 0], [1, 1], [2, 2]]	2
52c5ce1d-99bf-70a8-375b-229a4ff1fb3a|9247784c-7313-754a-3c84-4e766b0771e2	[0, 1, 2]	[0, 1, 2]	[]	0
5affd021-3959-f3e8-e3ff-862d5029e03b|35fb45fd-8fd2-c8a8-dd46-f3717598c770	[0, 1, 2]	[0, 1, 2]	[[0, 0], [1, 1], [2, 2]]	1
5ebdfe22-840e-abb4-cdbf-3ade687c7549|fe641175-c1bc-d0b1-7043-df2874354927	[0, 1, 2]	[0, 1, 2]	[[0, 0], [1, 1], [2, 2]]	2
35db60e1-e4b7-3150-49d5-18a55587f993|56293094-4359-4832-5d8d-01df9d185a72	[0, 1, 2]	[0, 1, 2]	[[0, 0], [1, 1], [2, 2]]	2
3e1ab179-f26e-8479-5b5f-12d2885301ab|fb92ee7e-029c-a040-0172-731522bbc358	[0, 1, 2]	[0, 1, 2]	[[0, 0], [1, 1], [2, 2]]	2
ea6f5ca1-609f-4060-cb47-3a3fce1d083c|d3fc1147-0c6d-c21c-66e0-a9cb4bc382f1	[0, 1, 2]	[0, 1, 2]	[]	0
08b967fe-3101-a42a-74e0-67e98adfa67d|a27cd9c1-91d7-e3d2-e4c9-c5076ed6d9f5	[0, 1, 2]	[0, 1, 2]	[[0, 0], [1, 1], [2, 2]]	2
c7902f14-610a-e01f-c8a1-7f5b46cd554a|c9d90d3f-e97e-fda2-2d9f-d6bc268e3714	[0, 1, 2]	[0, 1, 2]	[[0, 0], [1, 1], [2, 2]]	2
1e42038b-958c-7a71-e64f-91f4fda9937b|bc8ca2d7-ff84-1056-eea7-7fb3042303c2	[0, 1, 2]	[0, 1, 2]	[[0, 0], [1, 1], [2, 2]]	2
11413a88-6233-84d6-9839-d8cf208356d6|6f054a41-669c-0740-9ac1-9bacd206333c	[0, 1, 2]	[0, 1, 2]	[[0, 0], [1, 1], [2, 2]]	1
5ebdfe22-840e-abb4-cdbf-3ade687c7549|e3712903-d79e-9836-97ba-cacd027e8baf	[0, 1, 2]	[0, 1, 2]	[[0, 0], [1, 1], [2, 2]]	2
19e26759-d3e4-bfb3-84b1-cf80b862298e|bc8c5910-b3eb-2f64-5a32-011e7f60216b	[0, 1, 2]	[0, 1, 2]	[[0, 0], [1, 1], [2, 2]]	1
274207f7-fac9-a830-339c-054ac799f258|0a22b222-a8d9-c256-8940-b206459f0c7f	[0, 1, 2]	[0, 1, 2]	[[0, 0], [1, 1], [2, 2]]	1
1d43845a-715b-6ba7-b19d-8a73b5a9d0fc|93428f9b-bce9-8a42-dd76-4b8dd5ad8850	[0, 1, 2]	[0, 1, 2]	[]	0
17cf7e0d-d228-60e3-b40e-1bffce3ed9ce|6bb3721d-9cb2-cd55-69b9-b278fe004ce2	[0, 1, 2]	[0, 1, 2]	[[0, 0], [1, 1], [2, 2]]	2
64f1eebf-4eda-28f2-36fa-05c45ef77779|0d9b2af1-694f-f549-04ef-5f275be9c7c6	[0, 1, 2]	[0, 1, 2]	[[0, 0], [1, 1], [2, 2]]	2
4b95189b-37ce-e8e7-d470-f1226686f77c|da5341ab-aaab-e974-77d6-e6365f742b75	[0, 1, 2]	[0, 1, 2]	[[0, 0], [1, 1], [2, 2]]	2
01c58a39-a60d-be34-c1f8-d908ebddf28e|6389a4ae-a6b2-8907-d72d-4d10006b6966	[0, 1, 2]	[0, 1, 2]	[]	0
70ce4322-f390-b58e-0fc0-429f7c8d800e|19ba024f-1548-e9eb-c1de-5b81552727fb	[0, 1, 2]	[0, 1, 2]	[[0, 0], [1, 1], [2, 2]]	2
ae2a7cc8-17b5-e856-2eb6-1ded26b3ac3c|b79d6f24-3971-562e-852f-674393366270	[0, 1, 2]	[0, 1, 2]	[[0, 0], [1, 1], [2, 2]]	2
290f387d-251e-3cf2-ab95-4652501f251e|308cd4dd-b344-c757-7137-b51a036b1d3d	[0, 1, 2]	[0, 1, 2]	[[0, 0], [1, 1], [2, 2]]	2
8e16047c-db27-bce4-8569-f4febba914df|934c6df8-8107-7573-1235-f523120ec6f2	[0, 1, 2]	[0, 1, 2]	[[0, 0], [1, 1], [2, 2]]	1
29f298ac-681f-f7ef-be0c-b0f64fda798d|091c4571-7979-fab2-4835-80c21848b215	[0, 1, 2]	[0, 1, 2]	[[0, 0], [1, 1], [2, 2]]	1
e155e09b-7bb6-194a-5a80-2b94955b5eb4|8fd5573a-1999-aaba-b9f6-4f13c82f92c6	[0, 1, 2]	[0, 1, 2]	[[0, 0], [1, 1], [2, 2]]	1
79f5e79a-5379-9d84-59a8-834821513bba|e8f5ceab-4185-de91-0bc8-4d5ef840f719	[0, 1, 2]	[0, 1, 2]	[]	0
38b2f1dc-8525-fa94-6c92-4b6073a53e40|1e0e4a24-2161-43e3-f58c-ab174a214838	[0, 1, 2]	[0, 1, 2]	[[0, 0], [1, 1], [2, 2]]	2
ba49ebf4-0a75-a091-948c-b2f6ae4718dc|08642ff2-b482-2709-0b8e-8c6a6577593c	[0, 1, 2]	[0, 1, 2]	[[0, 0], [1, 1], [2, 2]]	1
501e2042-3996-b5aa-93e6-5903dd034c50|e609d84a-e9f1-b618-5f81-926d59ce1813	[0, 1, 2]	[0, 1, 2]	[[0, 0], [1, 1], [2, 2]]	2
36e31287-7b42-b2b1-1525-3a51b69074af|b6b5d492-1bf6-b115-3077-b0780c59840a	[0, 1, 2]	[0, 1, 2]	[[0, 0], [1, 1], [2, 2]]	2
9e8691e4-22fb-8473-f149-63df38ec85d1|eabd81b8-1bf9-a058-7bb3-4720acbc9240	[0, 1, 2]	[0, 1, 2]	[]	0
9b62bf00-f7ce-ee3b-9ccb-be3e3cde6f37|25c4de32-1afe-9a39-a1d7-574571e627b0	[0, 1, 2]	[0, 1, 2]	[[0, 0], [1, 1], [2, 2]]	1
f3bb76a4-bf44-d2d2-6aee-0aa14d94cdbf|73a7a980-f945-5461-2b97-54898ee39559	[0, 1, 2]	[0, 1, 2]	[[0, 0], [1, 1], [2, 2]]	2
22de0057-8b86-ae6a-ff72-dc65094f92f0|fabe1f18-24fd-7b09-142a-5cc638422ecd	[0, 1, 2]	[0, 1, 2]	[]	0
fb94760e-2133-9a44-c981-14aec9f3c558|33940953-5121-577f-d2e0-324d7a11d12d	[0, 1, 2]	[0, 1, 2]	[[0, 0], [1, 1], [2, 2]]	2
e0d8bf8f-c15b-308e-52d4-5641a76acb6f|6e45a179-9410-f8c1-397e-2fa85f37756a	[0, 1, 2]	[0, 1, 2]	[[0, 0], [1, 1], [2, 2]]	2
6fc89343-60e1-3bf7-40c4-cff5b2e1da56|72f6568c-f4d7-b79f-1c87-ab5dcc0cc7e7	[0, 1, 2]	[0, 1, 2]	[[0, 0], [1, 1], [2, 2]]	2
1322742e-55af-4b9a-9b1c-1c2eade72109|8d64d5b3-1cc0-d53b-0d7c-0c26eb417375	[0, 1, 2]	[0, 1, 2]	[[0, 0], [1, 1], [2, 2]]	1
9d54908e-634e-b869-e950-89d34db2e1b5|6ca1bcf4-a17f-1c5e-c40a-2cad4879b543	[0, 1, 2]	[0, 1, 2]	[]	0
0a89fa4d-7b66-b89a-d42c-2dd3cbe3138a|93c0e219-0b55-9350-0374-216912814af4	[0, 1, 2]	[0, 1, 2]	[[0, 0], [1, 1], [2, 2]]	2
30ac5e74-e028-2493-05ce-838769c56e15|861e74dc-e422-eae4-eb9b-d50713261216	[0, 1, 2]	[0, 1, 2]	[[0, 0], [1, 1], [2, 2]]	2
59bc905b-8478-920c-bfd5-2bb46ee01864|2f12005c-2816-982a-0d43-fb6508aa3642	[0, 1, 2]	[0, 1, 2]	[]	0
ad88ef9d-8203-97c0-e1a7-ed43a42c426f|29cca60a-58f7-34a0-d71c-264723cc1f34	[0, 1, 2]	[0, 1, 2]	[[0, 0], [1, 1], [2, 2]]	1
e0d613a4-d2a2-2ec9-2c18-a83e950b16a9|327a95df-87ae-e65a-8e90-2897e6eeddaa	[0, 1, 2]	[0, 1, 2]	[[0, 0], [1, 1], [2, 2]]	2
404ed40b-64e4-4d01-6ff0-9aa0f5496039|66aceade-4c80-bfa0-7358-2ce9eea2acbe	[0, 1, 2]	[0, 1, 2]	[[0, 0], [1, 1], [2, 2]]	2
ab641428-b963-4d37-07ed-7589a81bd336|c922c183-636d-2308-a5d7-da3e1dbe597c	[0, 1, 2]	[0, 1, 2]	[[0, 0], [1, 1], [2, 2]]	2
ba66c12d-0685-bbf0-2fce-57fcdace8524|f076deb0-3045-e2dd-32f9-73dcac09e474	[0, 1, 2]	[0, 1, 2]	[[0, 0], [1, 1], [2, 2]]	2
bed71f21-e2c4-16a2-dd53-ceade25a6960|0d9b2af1-694f-f549-04ef-5f275be9c7c6	[0, 1, 2]	[0, 1, 2]	[[0, 0], [1, 1], [2, 2]]	2
93365a43-55f6-7fdd-da24-7dd885046b4f|20e638ad-722a-0bb3-12d6-514cfcad7f0e	[0, 1, 2]	[0, 1, 2]	[]	0
bd264486-9ed7-eda8-1a27-6a94ba3a0303|740d7579-769d-b7d4-fbae-e5fad0dfc875	[0, 1, 2]	[0, 1, 2]	[[0, 0], [1, 1], [2, 2]]	1
d9db36ee-263b-08f0-f5a8-70b8b12a7308|9b5e2fd5-4ade-8b5d-f74c-229e53efe0e0	[0, 1, 2]	[0, 1, 2]	[[0, 0], [1, 1], [2, 2]]	2
c39fae62-f1e7-eacb-a640-c9186c60e9e7|00ab7cab-a2e6-7419-64a0-9072464813f3	[0, 1, 2]	[0, 1, 2]	[[0, 0], [1, 1], [2, 2]]	1
084eaeb2-39e8-8bea-3b3f-a8b4e9d21df8|e275a13d-e906-c2a3-086a-0f490b24343f	[0, 1, 2]	[0, 1, 2]	[[0, 0], [1, 1], [2, 2]]	1
a27a92ab-10af-6e41-4cd7-880944762a45|0ee1fc64-a525-d7fa-54ab-468cbc179aa7	[0, 1, 2]	[0, 1, 2]	[[0, 0], [1, 1], [2, 2]]	1
ecded9d4-ae8e-1970-fb92-a4bf575e5384|2d8eda11-09ab-ec2c-056f-06b3eb5e0d43	[0, 1, 2]	[0, 1, 2]	[]	0
8f550afd-eeab-e0a8-4b0c-cf76c22d5e07|4d6bfdcf-7ecc-0c1a-2763-fba99f6b2853	[0, 1, 2]	[0, 1, 2]	[[0, 0], [1, 1], [2, 2]]	2
69c4406b-29b6-2ed3-c018-9e7e206773ab|6b0fbc0d-06ea-423a-c451-327b3fa899c2	[0, 1, 2]	[0, 1, 2]	[[0, 0], [1, 1], [2, 2]]	2
4833d5b3-bda8-e6e0-9432-1bcef0cd5fca|c51bf1d4-f8fc-0457-8eb3-de780d77abb9	[0, 1, 2]	[0, 1, 2]	[]	0
5c8ff4a8-ea18-6de0-d558-6c1472f50ed3|bc56a171-064a-2dd9-68ac-d8b47f155fab	[0, 1, 2]	[0, 1, 2]	[]	0
9d9e59af-a249-48b6-1e76-1df9c71542e0|25efb12c-56e7-c077-4d13-ad09e358e71f	[0, 1, 2]	[0, 1, 2]	[[0, 0], [1, 1], [2, 2]]	1
c005deca-0a59-68ae-f320-6ace64956ff7|e05d93d0-f1e2-fe32-4b73-6bbe50821e26	[0, 1, 2]	[0, 1, 2]	[[0, 0], [1, 1], [2, 2]]	2
ca3e995e-aa24-bb1a-b8e6-4481cb44f5a8|327a95df-87ae-e65a-8e90-2897e6eeddaa	[0, 1, 2]	[0, 1, 2]	[[0, 0], [1, 1], [2, 2]]	2
cabc4052-7836-0d29-25b5-6792647525f2|571924f9-5706-df11-25d0-b43ef50b4721	[0, 1, 2]	[0, 1, 2]	[[0, 0], [1, 1], [2, 2]]	1
0b0e0ba7-2c7f-1188-97d1-b3ee9ad3032a|93fa948a-fd58-7b37-35b2-72aeb6dfd32a	[0, 1, 2]	[0, 1, 2]	[[0, 0], [1, 1], [2, 2]]	1
41ea5ce5-bc0f-cf33-7798-722b331c255e|1af80f72-c746-5cef-e997-5e75cc73220f	[0, 1, 2]	[0, 1, 2]	[]	0
91a9c9a0-cd11-468b-049b-45b74637ec73|b3550557-6d18-1977-d625-4d66bd187d37	[0, 1, 2]	[0, 1, 2]	[]	0
c211f6e3-d308-65cc-cb99-d5b8016c9726|7a95fa99-dcdd-5931-c015-28ae28064a2f	[0, 1, 2]	[0, 1, 2]	[]	0
0fcc3f2a-f129-3e27-cf10-11f961d42c2d|a5271851-6bef-3c36-1d1a-f3dc362316b2	[0, 1, 2]	[0, 1, 2]	[[0, 0], [1, 1], [2, 2]]	2
a72582fb-211e-5f55-abe2-c272adcb9314|016675eb-e456-3136-baf7-d4d4a4f9f602	[0, 1, 2]	[0, 1, 2]	[[0, 0], [1, 1], [2, 2]]	2
b6d82e82-71f3-4a2d-225f-d6d25438853a|8f0c6efc-4b32-907b-1f04-07af0d219a6e	[0, 1, 2]	[0, 1, 2]	[]	0
cd66619a-dad1-47f8-0cb1-4445f8a33928|c3ce8544-7516-9ed2-de64-380af6219b54	[0, 1, 2]	[0, 1, 2]	[[0, 0], [1, 1], [2, 2]]	1
313a572d-e1ab-30fe-33d9-6604876b44f5|602f1dce-b2a3-7362-f0c6-0c00a37caeeb	[0, 1, 2]	[0, 1, 2]	[]	0
9f99116d-8692-edde-9dd9-dfa5117c3c31|7f0554ac-0732-6e02-397a-7bfc188ca8cb	[0, 1, 2]	[0, 1, 2]	[]	0
92ba2344-d044-9efc-aa02-807b69254410|f1c29bb2-2d36-ff48-1dfd-518e26d1d251	[0, 1, 2]	[0, 1, 2]	[[0, 0], [1, 1], [2, 2]]	2
5860d6d0-1fc0-16be-acad-b69fa8ffb6dd|18a8e486-1791-1062-0b4a-2be6bb64c2f0	[0, 1, 2]	[0, 1, 2]	[[0, 0], [1, 1], [2, 2]]	1
eceee916-a4ed-5aec-615d-2acc95e8d0b5|48983ac7-2825-cf6a-781e-f02e5a1ceb95	[0, 1, 2]	[0, 1, 2]	[[0, 0], [1, 1], [2, 2]]	2
140fc9da-c69c-9745-3e8e-d134f0e176f4|2f93d64d-b45a-0fda-f527-ba7ab7d6c34b	[0, 1, 2]	[0, 1, 2]	[[0, 0], [1, 1], [2, 2]]	2
ff3fcb94-ae3c-f3cf-602d-16f194068e05|c456d6c3-a730-795b-8981-d714e446d3e1	[0, 1, 2]	[0, 1, 2]	[[0, 0], [1, 1], [2, 2]]	2
f742c1a3-3933-f603-9b32-fd168d73763c|eff5cca7-09ff-acd4-6453-4f6eb8eaf83e	[0, 1, 2]	[0, 1, 2]	[[0, 0], [1, 1], [2, 2]]	1
6b29b550-8a47-656c-8a4f-579f98ed8537|0e98522c-e24d-4b2a-7d63-ea5bdaa546b3	[0, 1, 2]	[0, 1, 2]	[]	0
b9ff05b2-7c10-13ae-d39a-7bb06761a8d1|aa37db49-e3a5-8b19-0880-0172b0fe222a	[0, 1, 2]	[0, 1, 2]	[[0, 0], [1, 1], [2, 2]]	1
72f6568c-f4d7-b79f-1c87-ab5dcc0cc7e7|0a7f8e03-a60c-d10e-91fa-f4daa658b9b2	[0, 1, 2]	[0, 1, 2]	[[0, 0], [1, 1], [2, 2]]	2
19e26759-d3e4-bfb3-84b1-cf80b862298e|06cbb841-e33d-d96a-4c4c-34b8112dbbdb	[0, 1, 2]	[0, 1, 2]	[[0, 0], [1, 1], [2, 2]]	1
e03f48bb-3e1b-818f-45be-6a5bdf361a30|46673d9c-62b1-ebaf-b28c-2356b58b4bd2	[0, 1, 2]	[0, 1, 2]	[]	0
f4956c11-8110-9551-5321-38172d15d734|c5614fd5-f607-e13c-b4e8-3493d483538e	[0, 1, 2]	[0, 1, 2]	[[0, 0], [1, 1], [2, 2]]	1
bebe74f2-6cd1-f415-6538-772c6a1f9f48|923820ef-be8e-2487-9ef5-4bff88846c0a	[0, 1, 2]	[0, 1, 2]	[]	0
2f6a7010-74ca-0d75-702b-de3f6ab2afe5|d576402e-6f55-8791-d2f5-e6e002cf4f17	[0, 1, 2]	[0, 1, 2]	[[0, 0], [1, 1], [2, 2]]	2
bbb3b3ab-1c27-0e76-053b-fff5d40a56f2|c058b5d3-3abf-add2-325a-078ba24cab49	[0, 1, 2]	[0, 1, 2]	[[0, 0], [1, 1], [2, 2]]	2
34091288-f797-8a93-6ce7-de1ff06154ae|d53b5fa8-02e5-d325-a09f-3b3919e9928f	[0, 1, 2]	[0, 1, 2]	[[0, 0], [1, 1], [2, 2]]	1
c30da916-c3fc-3115-0a1e-81abb4c765af|7ca8bd74-3eab-8e7d-e087-0dd460999a82	[0, 1, 2]	[0, 1, 2]	[[0, 0], [1, 1], [2, 2]]	1
09eb49ea-f7ac-a2ff-7bcf-99ec8b5068ed|24f43c55-ac37-55b9-26cb-42a0b709fa91	[0, 1, 2]	[0, 1, 2]	[]	0
93365a43-55f6-7fdd-da24-7dd885046b4f|0222c4c9-6dfe-33cf-4b60-a4f0dcbedf84	[0, 1, 2]	[0, 1, 2]	[[0, 0], [1, 1], [2, 2]]	1
29f298ac-681f-f7ef-be0c-b0f64fda798d|6a00bcb3-7ba5-e3d6-596a-34094896362f	[0, 1, 2]	[0, 1, 2]	[[0, 0], [1, 1], [2, 2]]	1
6e45a179-9410-f8c1-397e-2fa85f37756a|72f6568c-f4d7-b79f-1c87-ab5dcc0cc7e7	[0, 1, 2]	[0, 1, 2]	[[0, 0], [1, 1], [2, 2]]	2
a27a92ab-10af-6e41-4cd7-880944762a45|981a181f-5269-3604-25ec-b1eb7a75b8ac	[0, 1, 2]	[0, 1, 2]	[[0, 0], [1, 1], [2, 2]]	1
247d038b-0440-ae44-20f5-c3ab98ff165c|63c23271-29e2-83b7-4598-841f9cdd4c45	[0, 1, 2]	[0, 1, 2]	[[0, 0], [1, 1], [2, 2]]	1
8dc20a8d-0e41-48c2-0631-cbe3f8804ffa|0c96aba6-9788-566f-628a-ec4fe633b7cd	[0, 1, 2]	[0, 1, 2]	[[0, 0], [1, 1], [2, 2]]	1
1a128fc2-f7c4-bc61-746b-cfa650a86fcd|1a63a591-7094-f705-4132-248c5bcd17db	[0, 1, 2]	[0, 1, 2]	[[0, 0], [1, 1], [2, 2]]	2
be20aea5-879f-cea5-14eb-b880a61361f1|e040f880-e8d2-a431-c66b-41f8af1e1c65	[0, 1, 2]	[0, 1, 2]	[[0, 0], [1, 1], [2, 2]]	2
a61da93e-c1f8-5dcd-ef01-26b90652e81a|5860d6d0-1fc0-16be-acad-b69fa8ffb6dd	[0, 1, 2]	[0, 1, 2]	[[0, 0], [1, 1], [2, 2]]	1
bee1e445-57e5-9923-519c-15c3d190f34f|12c97a1e-6e2d-a160-8829-70ae3cf8d326	[0, 1, 2]	[0, 1, 2]	[[0, 0], [1, 1], [2, 2]]	2
d53a7750-f575-40d2-3158-bc93fd53f995|1c834ae1-215a-592f-b137-d4d747353197	[0, 1, 2]	[0, 1, 2]	[[0, 0], [1, 1], [2, 2]]	2
7853ae64-1bc8-20e6-867f-f639f7c693ac|50c50a23-c01c-afca-6065-7d6c295acaf1	[0, 1, 2]	[0, 1, 2]	[[0, 0], [1, 1], [2, 2]]	1
26537d55-0645-19e9-f30e-a0506ba617b9|df48f3df-c5aa-5112-2435-ee20d3273f24	[0, 1, 2]	[0, 1, 2]	[[0, 0], [1, 1], [2, 2]]	2
dbc22df8-31e3-fbfe-4503-80faca97d07b|97c27654-8b85-be49-7aa3-dba8d1cd6470	[0, 1, 2]	[0, 1, 2]	[[0, 0], [1, 1], [2, 2]]	1
1510f80c-44b3-b91b-d288-0894d72bf55e|88d3fdde-c822-75a5-020b-5e54d5897667	[0, 1, 2]	[0, 1, 2]	[[0, 0], [1, 1], [2, 2]]	1
3cc5e03e-c196-fc20-12cd-441552e44bb9|4973b183-b699-7848-ab94-e259d1803560	[0, 1, 2]	[0, 1, 2]	[[0, 0], [1, 1], [2, 2]]	2
d729edf4-9b43-7702-fe33-fc4e54773f2e|d5aeff22-1e25-457a-7d0b-1324a6b4e346	[0, 1, 2]	[0, 1, 2]	[[0, 0], [1, 1], [2, 2]]	2
140fc9da-c69c-9745-3e8e-d134f0e176f4|58d23b15-793b-5d45-b8ed-15dd4f05011f	[0, 1, 2]	[0, 1, 2]	[[0, 0], [1, 1], [2, 2]]	1
dbf74ef0-7851-e6e9-ceb9-f3db6f37b091|206e98d1-88cf-aa94-a888-0643893c2e0f	[0, 1, 2]	[0, 1, 2]	[[0, 0], [1, 1], [2, 2]]	2
9d580768-e528-9b40-1109-e4df8cc73d2c|789fa932-a4d6-2ded-2fcd-4b6a02c505fb	[0, 1, 2]	[0, 1, 2]	[[0, 0], [1, 1], [2, 2]]	2
509ad092-98df-e1b6-b515-b0853d89bf92|24291eb1-c6da-a4b2-5d7b-b0477610589e	[0, 1, 2]	[0, 1, 2]	[[0, 0], [1, 1], [2, 2]]	2
01531640-8c3e-d491-6601-9fddf8a4d05e|1d012476-cbe1-17d2-a890-d55adc2de1c9	[0, 1, 2]	[0, 1, 2]	[[0, 0], [1, 1], [2, 2]]	2
1a6ae4ec-7485-6f59-e86e-10df2c08fb9e|ee23fbec-c2fd-022a-0d42-14e6e3e98ee6	[0, 1, 2]	[0, 1, 2]	[[0, 0], [1, 1], [2, 2]]	1
e328e710-6dd9-69ef-2529-732fa43a93ee|d9a10dc8-2f86-6852-e7c7-24dddcd7d143	[0, 1, 2]	[0, 1, 2]	[[0, 0], [1, 1], [2, 2]]	2
ad4402e2-cd4a-1d6c-de78-304e28a3292c|a425c74b-48a7-da41-014a-9718f6d01b85	[0, 1, 2]	[0, 1, 2]	[]	0
01531640-8c3e-d491-6601-9fddf8a4d05e|08b967fe-3101-a42a-74e0-67e98adfa67d	[0, 1, 2]	[0, 1, 2]	[[0, 0], [1, 1], [2, 2]]	2
24b69b12-4e93-17b5-191b-4b3e1bf6612b|4a8cf27a-7541-0f2c-e627-05b8e57c49e6	[0, 1, 2]	[0, 1, 2]	[[0, 0], [1, 1], [2, 2]]	2
6b7c899c-85d8-24cc-547b-03179bcf66a7|9ca2921d-0bac-1d66-6a04-6b8c306677f0	[0, 1, 2]	[0, 1, 2]	[[0, 0], [1, 1], [2, 2]]	1
78d481c1-0b72-23cc-f738-1ebf5eacd090|0a897d39-9690-802a-2714-af7a24b7f3df	[0, 1, 2]	[0, 1, 2]	[[0, 0], [1, 1], [2, 2]]	1
27650bb9-47d1-b183-6f32-92ebbb7e0cb1|8fd5573a-1999-aaba-b9f6-4f13c82f92c6	[0, 1, 2]	[0, 1, 2]	[[0, 0], [1, 1], [2, 2]]	2
a66d7ab2-e9a5-658f-55f2-daf4187bd8b2|789fa932-a4d6-2ded-2fcd-4b6a02c505fb	[0, 1, 2]	[0, 1, 2]	[[0, 0], [1, 1], [2, 2]]	1
6bb3721d-9cb2-cd55-69b9-b278fe004ce2|b0ad6ef3-52f6-4907-4707-cfd1c5079c4e	[0, 1, 2]	[0, 1, 2]	[[0, 0], [1, 1], [2, 2]]	2
b4f72706-8949-3bff-1a73-9da583932d5d|198de837-be6b-4ec9-c456-6a6bd79eb559	[0, 1, 2]	[0, 1, 2]	[]	0
3590bc72-b0a1-4898-a26f-4a4f023946d5|f025db46-c400-645e-a6a0-e6a73140e921	[0, 1, 2]	[0, 1, 2]	[[0, 0], [1, 1], [2, 2]]	2
07adc49e-b6b7-30d5-c8f9-786f1559ebb7|562c0116-9575-4687-6592-80ab05f82fad	[0, 1, 2]	[0, 1, 2]	[[0, 0], [1, 1], [2, 2]]	1
1e79d62c-2e1c-6605-6617-893ddaad14b0|d60d92dd-5a3a-e349-67a2-eb8d9316a477	[0, 1, 2]	[0, 1, 2]	[[0, 0], [1, 1], [2, 2]]	2
e2f0c917-7eff-1bee-011e-095d86d6ae34|4f5b7eec-1cb3-fbda-fd16-7ce143c34f4e	[0, 1, 2]	[0, 1, 2]	[[0, 0], [1, 1], [2, 2]]	1
22620dbc-ab42-0404-c795-649c4eb08bfe|bf9678c4-7a74-07ae-596d-0d753cbdbaca	[0, 1, 2]	[0, 1, 2]	[[0, 0], [1, 1], [2, 2]]	2
50a5570d-7c9e-56a1-a9df-72598c18a3bc|20e638ad-722a-0bb3-12d6-514cfcad7f0e	[0, 1, 2]	[0, 1, 2]	[]	0
b9e05945-3340-2474-2949-b5e0bbe1105e|b718570e-b5ef-10bb-56bb-f2f4cc6e1f43	[0, 1, 2]	[0, 1, 2]	[[0, 0], [1, 1], [2, 2]]	1
24e9a5b1-2f76-1796-7246-3f0b07d02a84|4debefd4-e8b4-0991-636b-2ef5a314af4c	[0, 1, 2]	[0, 1, 2]	[[0, 0], [1, 1], [2, 2]]	2
4a8cf27a-7541-0f2c-e627-05b8e57c49e6|da5341ab-aaab-e974-77d6-e6365f742b75	[0, 1, 2]	[0, 1, 2]	[[0, 0], [1, 1], [2, 2]]	2
486d740e-2ade-b132-c591-7d2e581fb2f4|692e1981-1f34-abb5-3795-5823fcd19581	[0, 1, 2]	[0, 1, 2]	[[0, 0], [1, 1], [2, 2]]	2
e0b1b20a-4a9b-0482-d152-ea7e944e69c3|8056f78c-88dc-de4e-c622-1793d264b6c8	[0, 1, 2]	[0, 1, 2]	[]	0
0bcb0cff-9603-53d8-f364-ea3dd6819262|948e1418-991f-3eea-7107-8244d5c169b4	[0, 1, 2]	[0, 1, 2]	[[0, 0], [1, 1], [2, 2]]	1
3035b284-07c0-27be-255f-faabb91430bb|2bd8253f-4460-5ca0-88b6-1751928751f1	[0, 1, 2]	[0, 1, 2]	[[0, 0], [1, 1], [2, 2]]	2
7eeac9fe-ba23-37a3-2a00-e039167ec724|8630907d-4c61-5be3-20c0-825fc5bf65ff	[0, 1, 2]	[0, 1, 2]	[[0, 0], [1, 1], [2, 2]]	2
7d4e133e-fe80-1b5a-586e-07e33e5abf05|0e88ca58-a656-2582-b612-bd160fe94f39	[0, 1, 2]	[0, 1, 2]	[]	0
ffff23bf-c481-ce16-d243-dc4cad8a09f7|854129cd-e262-79e4-f6ed-1def2a3007e0	[0, 1, 2]	[0, 1, 2]	[[0, 0], [1, 1], [2, 2]]	1
ab641428-b963-4d37-07ed-7589a81bd336|e382aec2-a39f-5574-76df-e485df72b230	[0, 1, 2]	[0, 1, 2]	[[0, 0], [1, 1], [2, 2]]	2
25c4de32-1afe-9a39-a1d7-574571e627b0|ef947d8f-a41b-e8cf-ab2b-b9eaaf7b44bc	[0, 1, 2]	[0, 1, 2]	[[0, 0], [1, 1], [2, 2]]	2
160e996e-f806-b267-1ce6-64340b8e564e|a5353150-1935-ac0f-51a9-a8d0a42606cf	[0, 1, 2]	[0, 1, 2]	[[0, 0], [1, 1], [2, 2]]	1
cd33354d-037c-6f95-5976-4b0b7de92b38|8dbfc81e-8ccc-69c7-f6e0-8e2ecc338072	[0, 1, 2]	[0, 1, 2]	[[0, 0], [1, 1], [2, 2]]	1
dfa0916d-1f67-ac0c-ae99-723fc38258a0|c9ff1397-e06b-108a-8700-b7e371bf331a	[0, 1, 2]	[0, 1, 2]	[[0, 0], [1, 1], [2, 2]]	2
39da3b52-d74c-163a-d536-2fa5cf498c87|d0691fc6-d814-6069-5830-faf7bb987749	[0, 1, 2]	[0, 1, 2]	[]	0
7a80bfad-1c74-6f19-a5a7-53f1553bab54|d9db36ee-263b-08f0-f5a8-70b8b12a7308	[0, 1, 2]	[0, 1, 2]	[[0, 0], [1, 1], [2, 2]]	2
3ae35e52-eee7-d7d7-05ad-4e693ac0ed3a|98bf6a2a-18e0-83d7-8b5e-132e5f8a000a	[0, 1, 2]	[0, 1, 2]	[]	0
26c5204c-7d40-ca5f-17a7-83199c996ccc|923820ef-be8e-2487-9ef5-4bff88846c0a	[0, 1, 2]	[0, 1, 2]	[]	0
b33518cb-fa23-7d21-adb9-ecda77b69a3f|5dffe08f-d0fc-219c-3d8b-bcfa93850b47	[0, 1, 2]	[0, 1, 2]	[]	0
146a2fa3-efec-23db-14b5-55f10b56ca4f|c026c340-b085-cb65-f848-769df9c4bdb8	[0, 1, 2]	[0, 1, 2]	[[0, 0], [1, 1], [2, 2]]	1
ef231692-b8b7-298e-3557-403b1d156e1b|bfe7787a-dbab-24d2-09aa-ffa223d3c7ae	[0, 1, 2]	[0, 1, 2]	[[0, 0], [1, 1], [2, 2]]	1
78acb535-af37-bbf7-923e-b3b10a5a26e9|25efb12c-56e7-c077-4d13-ad09e358e71f	[0, 1, 2]	[0, 1, 2]	[[0, 0], [1, 1], [2, 2]]	2
bfe7787a-dbab-24d2-09aa-ffa223d3c7ae|eb860b52-27a7-c948-b854-ad37bf21664f	[0, 1, 2]	[0, 1, 2]	[[0, 0], [1, 1], [2, 2]]	2
d7841bc9-af7e-0ed8-6d98-84a87cb92d62|f4dbe0a5-d857-5fea-f1a1-3c626d2e078e	[0, 1, 2]	[0, 1, 2]	[[0, 0], [1, 1], [2, 2]]	2
90272a7d-3174-c7e2-8368-4282a11f18a7|e03f48bb-3e1b-818f-45be-6a5bdf361a30	[0, 1, 2]	[0, 1, 2]	[[0, 0], [1, 1], [2, 2]]	2
bbfc07ba-580a-63a8-4f09-288aad96d861|3d816598-01c8-dc66-0827-f045f5baab5c	[0, 1, 2]	[0, 1, 2]	[]	0
5ea23641-4c0c-18fc-460b-99f9357aaaa9|a1982735-fc35-f573-c83f-2f02cfb6d9ca	[0, 1, 2]	[0, 1, 2]	[[0, 0], [1, 1], [2, 2]]	2
bee1e445-57e5-9923-519c-15c3d190f34f|4a18a385-1f00-261d-fbe2-857a1594a3e8	[0, 1, 2]	[0, 1, 2]	[]	0
166eca8b-b1d9-3b00-7681-626ea9916a7c|20942c6b-5c11-51e8-ab51-b0c895ce6e29	[0, 1, 2]	[0, 1, 2]	[[0, 0], [1, 1], [2, 2]]	2
ee547c57-a01f-1041-2ad7-50bea466f1d6|a1923d37-0cd2-a47c-5423-8a2eb829a993	[0, 1, 2]	[0, 1, 2]	[[0, 0], [1, 1], [2, 2]]	2
dc4bc976-1445-b7aa-7356-a0b12148a7df|cf5c689e-f4fa-8809-610c-8c49e4f0da28	[0, 1, 2]	[0, 1, 2]	[[0, 0], [1, 1], [2, 2]]	2
965c00b1-e495-a4fb-eca8-b8cb27689cf2|ea474b1a-c9d4-5466-9453-85afc2fa945e	[0, 1, 2]	[0, 1, 2]	[[0, 0], [1, 1], [2, 2]]	2
a87b1922-1113-8571-9dba-8ba34bd29c87|ed83b775-5e5f-cfe0-c073-468097857cab	[0, 1, 2]	[0, 1, 2]	[]	0
efcb9a13-8324-07ee-2e46-96dbb7327285|923a4c30-dd0e-eb97-9ed9-aa4085a92e10	[0, 1, 2]	[0, 1, 2]	[[0, 0], [1, 1], [2, 2]]	2
ae293035-96d4-10f9-3e19-ecddfff7968f|3da061f1-013a-21e4-8b66-017d39498a46	[0, 1, 2]	[0, 1, 2]	[[0, 0], [1, 1], [2, 2]]	2
1c3464cc-312c-e50c-f904-0ddf4f05118e|d64cad01-7977-00e7-4d19-4862a61a694b	[0, 1, 2]	[0, 1, 2]	[[0, 0], [1, 1], [2, 2]]	2
78f02c42-79b0-113f-d5eb-ac174685ae5b|35fb45fd-8fd2-c8a8-dd46-f3717598c770	[0, 1, 2]	[0, 1, 2]	[[0, 0], [1, 1], [2, 2]]	1
a862a6ec-fddf-ca16-193a-2e6afad2b55b|0e98522c-e24d-4b2a-7d63-ea5bdaa546b3	[0, 1, 2]	[0, 1, 2]	[[0, 0], [1, 1], [2, 2]]	2
7848e92f-b42e-c5f8-eac5-c99ed4247e90|1df50d45-6445-90e4-1a37-d471efccd2d1	[0, 1, 2]	[0, 1, 2]	[]	0
6b0fbc0d-06ea-423a-c451-327b3fa899c2|60f6d5c2-e1cf-7b05-423f-2dffb995d939	[0, 1, 2]	[0, 1, 2]	[]	0
d64cad01-7977-00e7-4d19-4862a61a694b|82f90800-b9b9-1d50-1043-2bdf022fb9e2	[0, 1, 2]	[0, 1, 2]	[[0, 0], [1, 1], [2, 2]]	1
c02362f3-e54a-cc2b-f051-96928003d54d|cc56b380-e084-0fc3-6944-bb469f9d1e6b	[0, 1, 2]	[0, 1, 2]	[]	0
59bc905b-8478-920c-bfd5-2bb46ee01864|2664f1b4-2871-6d32-9c33-69f353c6872c	[0, 1, 2]	[0, 1, 2]	[[0, 0], [1, 1], [2, 2]]	2
4b126a7f-e35e-2524-4974-82ffc328cf5e|01f92570-38c6-474e-258e-5ec315424ba3	[0, 1, 2]	[0, 1, 2]	[[0, 0], [1, 1], [2, 2]]	2
c6bebebc-2439-d077-7fb8-3c299681588c|7da0dcfa-0e9a-f7af-5d0f-8431951a18ff	[0, 1, 2]	[0, 1, 2]	[[0, 0], [1, 1], [2, 2]]	2
1bcc4615-d840-1086-38bd-812982cd5bd4|6cf4a74f-c460-5f38-524c-7f0391015136	[0, 1, 2]	[0, 1, 2]	[]	0
4552dcfc-9bc4-8f03-b0cd-da0d66460ba4|37389b90-24a9-46fe-1fb5-774555e449dd	[0, 1, 2]	[0, 1, 2]	[[0, 0], [1, 1], [2, 2]]	2
187334b7-8e3f-3378-4485-3292440d7989|462449d5-e90f-f101-3d8f-833cd02d1a70	[0, 1, 2]	[0, 1, 2]	[[0, 0], [1, 1], [2, 2]]	2
7848e92f-b42e-c5f8-eac5-c99ed4247e90|e9a0f89a-2fcf-6bda-f841-17be0bcc92c5	[0, 1, 2]	[0, 1, 2]	[[0, 0], [1, 1], [2, 2]]	1
85b53c24-31aa-d7e3-7307-73b44b899896|20479f41-29ba-7983-a7b6-f18b03baacb9	[0, 1, 2]	[0, 1, 2]	[]	0
fe641175-c1bc-d0b1-7043-df2874354927|24291eb1-c6da-a4b2-5d7b-b0477610589e	[0, 1, 2]	[0, 1, 2]	[[0, 0], [1, 1], [2, 2]]	1
0e3f0030-f26e-b94f-d0f3-be7facf5b353|d4cef912-5483-23db-7e73-2e54f837985d	[0, 1, 2]	[0, 1, 2]	[]	0
6fdfff4c-518b-f2b1-0b6e-a338a34f9611|1f9640dc-a6af-0dd7-88da-a49e6d13821b	[0, 1, 2]	[0, 1, 2]	[[0, 0], [1, 1], [2, 2]]	2
71115eaa-1fcb-7ae8-3afd-08adcb7218a4|a5353150-1935-ac0f-51a9-a8d0a42606cf	[0, 1, 2]	[0, 1, 2]	[[0, 0], [1, 1], [2, 2]]	2
33c36059-8d11-574c-543c-49823bc2180a|c813478b-8601-cb8d-768d-967948719fc7	[0, 1, 2]	[0, 1, 2]	[[0, 0], [1, 1], [2, 2]]	1
aa57af5e-54f0-a3a2-e4c3-59969b753b52|8aa1e182-018c-2412-999f-7b82a3606716	[0, 1, 2]	[0, 1, 2]	[]	0
5ccb9a1a-b3b8-1fb9-15da-d5a391fab286|9e7e25fc-d447-be25-b81e-1811fb368d23	[0, 1, 2]	[0, 1, 2]	[[0, 0], [1, 1], [2, 2]]	1
815dcaf3-4b4b-7c1d-81e0-43b967d6f03d|015d5d72-2823-980e-9345-9375c24a9d69	[0, 1, 2]	[0, 1, 2]	[[0, 0], [1, 1], [2, 2]]	1
e8462d13-c463-b906-8738-8e9ab2751099|4618cd09-f3e0-47b0-1605-7759499c7b96	[0, 1, 2]	[0, 1, 2]	[]	0
cce48b6c-4645-3340-e5c6-6812d91d9961|2973c1a5-fa31-7c2f-7708-3eb5642f2155	[0, 1, 2]	[0, 1, 2]	[[0, 0], [1, 1], [2, 2]]	2
e8c69866-7235-d6d3-0798-b815e9c33f33|c3abcb5b-0c97-5ae5-aff8-cf55d1392ee4	[0, 1, 2]	[0, 1, 2]	[[0, 0], [1, 1], [2, 2]]	2
25d90284-8fad-b1bb-68ab-1ed5320713b4|c7550b9e-cec9-8982-5f9e-a0531a596677	[0, 1, 2]	[0, 1, 2]	[[0, 0], [1, 1], [2, 2]]	2
bb0e0322-fc00-55d6-af64-47c43d25a0a0|e76b4f64-0ca2-1e35-1b77-01c04505feda	[0, 1, 2]	[0, 1, 2]	[[0, 0], [1, 1], [2, 2]]	1
9b0d0110-2b06-1f83-1796-1dd2cb43d256|a5042f26-c3eb-b4a2-1fb3-10282101146c	[0, 1, 2]	[0, 1, 2]	[[0, 0], [1, 1], [2, 2]]	1
3a0e894a-3725-5b90-02ed-ec1d5fe395f1|77be8f42-dcab-8c75-01c7-0cb04a89aa15	[0, 1, 2]	[0, 1, 2]	[[0, 0], [1, 1], [2, 2]]	2
9f9777ac-1d9e-d714-244c-033094925377|5ae60bf9-0a0a-fc60-20bb-0a74206fdb25	[0, 1, 2]	[0, 1, 2]	[[0, 0], [1, 1], [2, 2]]	2
bbb52956-86b6-7ba4-c812-f2d30e91a781|dbc22df8-31e3-fbfe-4503-80faca97d07b	[0, 1, 2]	[0, 1, 2]	[]	0
6bb67e34-c69b-aff4-e331-6da4c747780a|0222c4c9-6dfe-33cf-4b60-a4f0dcbedf84	[0, 1, 2]	[0, 1, 2]	[[0, 0], [1, 1], [2, 2]]	1
84c807ff-e760-0aee-4d64-e27fb5f20a97|e8e1125a-1a10-a771-aef4-7d393e85681f	[0, 1, 2]	[0, 1, 2]	[[0, 0], [1, 1], [2, 2]]	1
63c23271-29e2-83b7-4598-841f9cdd4c45|c058b5d3-3abf-add2-325a-078ba24cab49	[0, 1, 2]	[0, 1, 2]	[[0, 0], [1, 1], [2, 2]]	2
9b62bf00-f7ce-ee3b-9ccb-be3e3cde6f37|12d3dd4a-8b5d-0e14-fb62-8fef76a52313	[0, 1, 2]	[0, 1, 2]	[[0, 0], [1, 1], [2, 2]]	1
e67c0b07-bba5-784b-7a25-0fc18dac472f|a8851d13-feef-da31-0ff0-29404275e1d1	[0, 1, 2]	[0, 1, 2]	[[0, 0], [1, 1], [2, 2]]	1
cb8054f5-f842-d2f3-c10c-86d35bdd6901|54499749-bdd9-a69c-1ad4-7774310e063e	[0, 1, 2]	[0, 1, 2]	[[0, 0], [1, 1], [2, 2]]	2
70bafd67-422e-627a-a252-46023fde18cb|494b0653-58ed-17ae-30dd-047405b61ceb	[0, 1, 2]	[0, 1, 2]	[[0, 0], [1, 1], [2, 2]]	2
41ea5ce5-bc0f-cf33-7798-722b331c255e|923820ef-be8e-2487-9ef5-4bff88846c0a	[0, 1, 2]	[0, 1, 2]	[[0, 0], [1, 1], [2, 2]]	1
bbb52956-86b6-7ba4-c812-f2d30e91a781|1d0faea2-f456-ce4f-e715-e7f8d742284a	[0, 1, 2]	[0, 1, 2]	[[0, 0], [1, 1], [2, 2]]	1
3c042e0a-7869-5625-d276-100cd3ffa086|f8d8e3ae-76a2-a85d-8ebc-744973336af9	[0, 1, 2]	[0, 1, 2]	[[0, 0], [1, 1], [2, 2]]	2
d0076bcb-0a3f-ae2c-a9b4-4cce4141f4f3|e09b654a-918f-38b9-8fb7-72d2e38592d9	[0, 1, 2]	[0, 1, 2]	[[0, 0], [1, 1], [2, 2]]	1
d10e388c-97eb-0bc7-cc80-bca0ea7baf33|c2bf6ed3-5e28-f4c7-8324-8c53f0ba4dd4	[0, 1, 2]	[0, 1, 2]	[[0, 0], [1, 1], [2, 2]]	1
08b967fe-3101-a42a-74e0-67e98adfa67d|1e0e4a24-2161-43e3-f58c-ab174a214838	[0, 1, 2]	[0, 1, 2]	[[0, 0], [1, 1], [2, 2]]	2
fb24385a-aeec-655c-431a-84d2d52c2c7b|015d5d72-2823-980e-9345-9375c24a9d69	[0, 1, 2]	[0, 1, 2]	[[0, 0], [1, 1], [2, 2]]	1
b65b5dc6-112b-f8f9-d5d5-17a3e9582522|861e74dc-e422-eae4-eb9b-d50713261216	[0, 1, 2]	[0, 1, 2]	[[0, 0], [1, 1], [2, 2]]	1
559950e1-6f65-6b00-e0bf-cb6b93f79e6f|3ea2b00f-0f17-84dc-2d4d-15945161ee98	[0, 1, 2]	[0, 1, 2]	[[0, 0], [1, 1], [2, 2]]	1
64ad679c-4b1a-5993-a9c7-f71dce02d7e4|e040f880-e8d2-a431-c66b-41f8af1e1c65	[0, 1, 2]	[0, 1, 2]	[[0, 0], [1, 1], [2, 2]]	1
389b276b-3997-32a8-03bf-5f36bd2086e6|8eaa54b4-f37b-6e21-f6e2-063a432e28d6	[0, 1, 2]	[0, 1, 2]	[[0, 0], [1, 1], [2, 2]]	2
6d42932e-f1b7-acfb-94a9-19def09fdbe6|140fc9da-c69c-9745-3e8e-d134f0e176f4	[0, 1, 2]	[0, 1, 2]	[[0, 0], [1, 1], [2, 2]]	1
81637b7c-f20b-e9a8-1188-2984acb6bcd1|b612fc1b-4866-b7c4-f4fc-4a79bf0e27c5	[0, 1, 2]	[0, 1, 2]	[[0, 0], [1, 1], [2, 2]]	2
4d60b049-2b85-12eb-fad4-8207739448a1|1183e2ea-6a32-51b3-fd41-485f02f0050f	[0, 1, 2]	[0, 1, 2]	[[0, 0], [1, 1], [2, 2]]	2
9d9e59af-a249-48b6-1e76-1df9c71542e0|077e9efb-f83e-e51a-26d5-ac4b7bf1c1d1	[0, 1, 2]	[0, 1, 2]	[]	0
571924f9-5706-df11-25d0-b43ef50b4721|894bdefe-175b-a0b7-2729-f89851fd23d7	[0, 1, 2]	[0, 1, 2]	[]	0
